"slot","age","year","data","units"
"discards.n","1",1957,32356,"1000"
"discards.n","2",1957,45596,"1000"
"discards.n","3",1957,9220,"1000"
"discards.n","4",1957,909,"1000"
"discards.n","5",1957,961,"1000"
"discards.n","6",1957,25,"1000"
"discards.n","7",1957,0,"1000"
"discards.n","8",1957,0,"1000"
"discards.n","9",1957,0,"1000"
"discards.n","10",1957,0,"1000"
"discards.n","1",1958,66199,"1000"
"discards.n","2",1958,73552,"1000"
"discards.n","3",1958,23655,"1000"
"discards.n","4",1958,2572,"1000"
"discards.n","5",1958,2137,"1000"
"discards.n","6",1958,65,"1000"
"discards.n","7",1958,0,"1000"
"discards.n","8",1958,0,"1000"
"discards.n","9",1958,0,"1000"
"discards.n","10",1958,0,"1000"
"discards.n","1",1959,116086,"1000"
"discards.n","2",1959,127771,"1000"
"discards.n","3",1959,46402,"1000"
"discards.n","4",1959,11407,"1000"
"discards.n","5",1959,4737,"1000"
"discards.n","6",1959,106,"1000"
"discards.n","7",1959,0,"1000"
"discards.n","8",1959,0,"1000"
"discards.n","9",1959,0,"1000"
"discards.n","10",1959,0,"1000"
"discards.n","1",1960,73939,"1000"
"discards.n","2",1960,167893,"1000"
"discards.n","3",1960,44948,"1000"
"discards.n","4",1960,997,"1000"
"discards.n","5",1960,1067,"1000"
"discards.n","6",1960,519,"1000"
"discards.n","7",1960,0,"1000"
"discards.n","8",1960,0,"1000"
"discards.n","9",1960,0,"1000"
"discards.n","10",1960,0,"1000"
"discards.n","1",1961,75578,"1000"
"discards.n","2",1961,144609,"1000"
"discards.n","3",1961,89014,"1000"
"discards.n","4",1961,538,"1000"
"discards.n","5",1961,1612,"1000"
"discards.n","6",1961,130,"1000"
"discards.n","7",1961,0,"1000"
"discards.n","8",1961,0,"1000"
"discards.n","9",1961,0,"1000"
"discards.n","10",1961,0,"1000"
"discards.n","1",1962,51265,"1000"
"discards.n","2",1962,181321,"1000"
"discards.n","3",1962,87599,"1000"
"discards.n","4",1962,21716,"1000"
"discards.n","5",1962,799,"1000"
"discards.n","6",1962,186,"1000"
"discards.n","7",1962,0,"1000"
"discards.n","8",1962,0,"1000"
"discards.n","9",1962,0,"1000"
"discards.n","10",1962,0,"1000"
"discards.n","1",1963,90913,"1000"
"discards.n","2",1963,136183,"1000"
"discards.n","3",1963,129778,"1000"
"discards.n","4",1963,9964,"1000"
"discards.n","5",1963,2112,"1000"
"discards.n","6",1963,188,"1000"
"discards.n","7",1963,0,"1000"
"discards.n","8",1963,0,"1000"
"discards.n","9",1963,0,"1000"
"discards.n","10",1963,0,"1000"
"discards.n","1",1964,66035,"1000"
"discards.n","2",1964,153274,"1000"
"discards.n","3",1964,64156,"1000"
"discards.n","4",1964,33825,"1000"
"discards.n","5",1964,3011,"1000"
"discards.n","6",1964,323,"1000"
"discards.n","7",1964,0,"1000"
"discards.n","8",1964,0,"1000"
"discards.n","9",1964,0,"1000"
"discards.n","10",1964,0,"1000"
"discards.n","1",1965,43708,"1000"
"discards.n","2",1965,426021,"1000"
"discards.n","3",1965,59262,"1000"
"discards.n","4",1965,3404,"1000"
"discards.n","5",1965,923,"1000"
"discards.n","6",1965,267,"1000"
"discards.n","7",1965,0,"1000"
"discards.n","8",1965,0,"1000"
"discards.n","9",1965,0,"1000"
"discards.n","10",1965,0,"1000"
"discards.n","1",1966,38496,"1000"
"discards.n","2",1966,163125,"1000"
"discards.n","3",1966,349358,"1000"
"discards.n","4",1966,14399,"1000"
"discards.n","5",1966,1402,"1000"
"discards.n","6",1966,125,"1000"
"discards.n","7",1966,0,"1000"
"discards.n","8",1966,0,"1000"
"discards.n","9",1966,0,"1000"
"discards.n","10",1966,0,"1000"
"discards.n","1",1967,20199,"1000"
"discards.n","2",1967,133545,"1000"
"discards.n","3",1967,87532,"1000"
"discards.n","4",1967,152496,"1000"
"discards.n","5",1967,623,"1000"
"discards.n","6",1967,260,"1000"
"discards.n","7",1967,0,"1000"
"discards.n","8",1967,0,"1000"
"discards.n","9",1967,0,"1000"
"discards.n","10",1967,0,"1000"
"discards.n","1",1968,73971,"1000"
"discards.n","2",1968,72192,"1000"
"discards.n","3",1968,46339,"1000"
"discards.n","4",1968,26530,"1000"
"discards.n","5",1968,22436,"1000"
"discards.n","6",1968,58,"1000"
"discards.n","7",1968,0,"1000"
"discards.n","8",1968,0,"1000"
"discards.n","9",1968,0,"1000"
"discards.n","10",1968,0,"1000"
"discards.n","1",1969,85192,"1000"
"discards.n","2",1969,67378,"1000"
"discards.n","3",1969,16747,"1000"
"discards.n","4",1969,19334,"1000"
"discards.n","5",1969,773,"1000"
"discards.n","6",1969,2024,"1000"
"discards.n","7",1969,0,"1000"
"discards.n","8",1969,0,"1000"
"discards.n","9",1969,0,"1000"
"discards.n","10",1969,0,"1000"
"discards.n","1",1970,123569,"1000"
"discards.n","2",1970,152480,"1000"
"discards.n","3",1970,27747,"1000"
"discards.n","4",1970,1287,"1000"
"discards.n","5",1970,5061,"1000"
"discards.n","6",1970,161,"1000"
"discards.n","7",1970,0,"1000"
"discards.n","8",1970,0,"1000"
"discards.n","9",1970,0,"1000"
"discards.n","10",1970,0,"1000"
"discards.n","1",1971,69337,"1000"
"discards.n","2",1971,96968,"1000"
"discards.n","3",1971,42354,"1000"
"discards.n","4",1971,2675,"1000"
"discards.n","5",1971,426,"1000"
"discards.n","6",1971,81,"1000"
"discards.n","7",1971,0,"1000"
"discards.n","8",1971,0,"1000"
"discards.n","9",1971,0,"1000"
"discards.n","10",1971,0,"1000"
"discards.n","1",1972,70002,"1000"
"discards.n","2",1972,55470,"1000"
"discards.n","3",1972,33899,"1000"
"discards.n","4",1972,5714,"1000"
"discards.n","5",1972,567,"1000"
"discards.n","6",1972,73,"1000"
"discards.n","7",1972,0,"1000"
"discards.n","8",1972,0,"1000"
"discards.n","9",1972,0,"1000"
"discards.n","10",1972,0,"1000"
"discards.n","1",1973,132352,"1000"
"discards.n","2",1973,49815,"1000"
"discards.n","3",1973,4008,"1000"
"discards.n","4",1973,673,"1000"
"discards.n","5",1973,1289,"1000"
"discards.n","6",1973,67,"1000"
"discards.n","7",1973,0,"1000"
"discards.n","8",1973,0,"1000"
"discards.n","9",1973,0,"1000"
"discards.n","10",1973,0,"1000"
"discards.n","1",1974,211139,"1000"
"discards.n","2",1974,308411,"1000"
"discards.n","3",1974,3652,"1000"
"discards.n","4",1974,285,"1000"
"discards.n","5",1974,611,"1000"
"discards.n","6",1974,109,"1000"
"discards.n","7",1974,0,"1000"
"discards.n","8",1974,0,"1000"
"discards.n","9",1974,0,"1000"
"discards.n","10",1974,0,"1000"
"discards.n","1",1975,244969,"1000"
"discards.n","2",1975,280130,"1000"
"discards.n","3",1975,190536,"1000"
"discards.n","4",1975,4807,"1000"
"discards.n","5",1975,253,"1000"
"discards.n","6",1975,123,"1000"
"discards.n","7",1975,0,"1000"
"discards.n","8",1975,0,"1000"
"discards.n","9",1975,0,"1000"
"discards.n","10",1975,0,"1000"
"discards.n","1",1976,183879,"1000"
"discards.n","2",1976,140921,"1000"
"discards.n","3",1976,71054,"1000"
"discards.n","4",1976,18013,"1000"
"discards.n","5",1976,174,"1000"
"discards.n","6",1976,41,"1000"
"discards.n","7",1976,0,"1000"
"discards.n","8",1976,0,"1000"
"discards.n","9",1976,0,"1000"
"discards.n","10",1976,0,"1000"
"discards.n","1",1977,256628,"1000"
"discards.n","2",1977,103696,"1000"
"discards.n","3",1977,79317,"1000"
"discards.n","4",1977,33552,"1000"
"discards.n","5",1977,9317,"1000"
"discards.n","6",1977,129,"1000"
"discards.n","7",1977,0,"1000"
"discards.n","8",1977,0,"1000"
"discards.n","9",1977,0,"1000"
"discards.n","10",1977,0,"1000"
"discards.n","1",1978,226872,"1000"
"discards.n","2",1978,154113,"1000"
"discards.n","3",1978,27257,"1000"
"discards.n","4",1978,10775,"1000"
"discards.n","5",1978,1244,"1000"
"discards.n","6",1978,570,"1000"
"discards.n","7",1978,0,"1000"
"discards.n","8",1978,0,"1000"
"discards.n","9",1978,0,"1000"
"discards.n","10",1978,0,"1000"
"discards.n","1",1979,293166,"1000"
"discards.n","2",1979,215084,"1000"
"discards.n","3",1979,57578,"1000"
"discards.n","4",1979,18382,"1000"
"discards.n","5",1979,589,"1000"
"discards.n","6",1979,310,"1000"
"discards.n","7",1979,0,"1000"
"discards.n","8",1979,0,"1000"
"discards.n","9",1979,0,"1000"
"discards.n","10",1979,0,"1000"
"discards.n","1",1980,226371,"1000"
"discards.n","2",1980,122561,"1000"
"discards.n","3",1980,932,"1000"
"discards.n","4",1980,687,"1000"
"discards.n","5",1980,193,"1000"
"discards.n","6",1980,86,"1000"
"discards.n","7",1980,0,"1000"
"discards.n","8",1980,0,"1000"
"discards.n","9",1980,0,"1000"
"discards.n","10",1980,0,"1000"
"discards.n","1",1981,134142,"1000"
"discards.n","2",1981,193241,"1000"
"discards.n","3",1981,1850,"1000"
"discards.n","4",1981,373,"1000"
"discards.n","5",1981,431,"1000"
"discards.n","6",1981,55,"1000"
"discards.n","7",1981,0,"1000"
"discards.n","8",1981,0,"1000"
"discards.n","9",1981,0,"1000"
"discards.n","10",1981,0,"1000"
"discards.n","1",1982,411307,"1000"
"discards.n","2",1982,204572,"1000"
"discards.n","3",1982,4624,"1000"
"discards.n","4",1982,1109,"1000"
"discards.n","5",1982,216,"1000"
"discards.n","6",1982,98,"1000"
"discards.n","7",1982,0,"1000"
"discards.n","8",1982,0,"1000"
"discards.n","9",1982,0,"1000"
"discards.n","10",1982,0,"1000"
"discards.n","1",1983,261400,"1000"
"discards.n","2",1983,436331,"1000"
"discards.n","3",1983,30716,"1000"
"discards.n","4",1983,2235,"1000"
"discards.n","5",1983,804,"1000"
"discards.n","6",1983,72,"1000"
"discards.n","7",1983,0,"1000"
"discards.n","8",1983,0,"1000"
"discards.n","9",1983,0,"1000"
"discards.n","10",1983,0,"1000"
"discards.n","1",1984,310675,"1000"
"discards.n","2",1984,313490,"1000"
"discards.n","3",1984,52651,"1000"
"discards.n","4",1984,24529,"1000"
"discards.n","5",1984,1492,"1000"
"discards.n","6",1984,69,"1000"
"discards.n","7",1984,0,"1000"
"discards.n","8",1984,0,"1000"
"discards.n","9",1984,0,"1000"
"discards.n","10",1984,0,"1000"
"discards.n","1",1985,405385,"1000"
"discards.n","2",1985,229208,"1000"
"discards.n","3",1985,35566,"1000"
"discards.n","4",1985,2221,"1000"
"discards.n","5",1985,200,"1000"
"discards.n","6",1985,78,"1000"
"discards.n","7",1985,0,"1000"
"discards.n","8",1985,0,"1000"
"discards.n","9",1985,0,"1000"
"discards.n","10",1985,0,"1000"
"discards.n","1",1986,1117345,"1000"
"discards.n","2",1986,490965,"1000"
"discards.n","3",1986,48510,"1000"
"discards.n","4",1986,26470,"1000"
"discards.n","5",1986,1451,"1000"
"discards.n","6",1986,146,"1000"
"discards.n","7",1986,0,"1000"
"discards.n","8",1986,0,"1000"
"discards.n","9",1986,0,"1000"
"discards.n","10",1986,0,"1000"
"discards.n","1",1987,361519,"1000"
"discards.n","2",1987,1374202,"1000"
"discards.n","3",1987,180969,"1000"
"discards.n","4",1987,1427,"1000"
"discards.n","5",1987,1348,"1000"
"discards.n","6",1987,248,"1000"
"discards.n","7",1987,0,"1000"
"discards.n","8",1987,0,"1000"
"discards.n","9",1987,0,"1000"
"discards.n","10",1987,0,"1000"
"discards.n","1",1988,348597,"1000"
"discards.n","2",1988,608109,"1000"
"discards.n","3",1988,459385,"1000"
"discards.n","4",1988,61167,"1000"
"discards.n","5",1988,882,"1000"
"discards.n","6",1988,177,"1000"
"discards.n","7",1988,0,"1000"
"discards.n","8",1988,0,"1000"
"discards.n","9",1988,0,"1000"
"discards.n","10",1988,0,"1000"
"discards.n","1",1989,213291,"1000"
"discards.n","2",1989,485845,"1000"
"discards.n","3",1989,193176,"1000"
"discards.n","4",1989,85758,"1000"
"discards.n","5",1989,7224,"1000"
"discards.n","6",1989,115,"1000"
"discards.n","7",1989,0,"1000"
"discards.n","8",1989,0,"1000"
"discards.n","9",1989,0,"1000"
"discards.n","10",1989,0,"1000"
"discards.n","1",1990,145314,"1000"
"discards.n","2",1990,279298,"1000"
"discards.n","3",1990,168674,"1000"
"discards.n","4",1990,28102,"1000"
"discards.n","5",1990,5011,"1000"
"discards.n","6",1990,177,"1000"
"discards.n","7",1990,0,"1000"
"discards.n","8",1990,0,"1000"
"discards.n","9",1990,0,"1000"
"discards.n","10",1990,0,"1000"
"discards.n","1",1991,183126,"1000"
"discards.n","2",1991,301575,"1000"
"discards.n","3",1991,141567,"1000"
"discards.n","4",1991,40739,"1000"
"discards.n","5",1991,5528,"1000"
"discards.n","6",1991,939,"1000"
"discards.n","7",1991,0,"1000"
"discards.n","8",1991,0,"1000"
"discards.n","9",1991,0,"1000"
"discards.n","10",1991,0,"1000"
"discards.n","1",1992,138755,"1000"
"discards.n","2",1992,219619,"1000"
"discards.n","3",1992,94581,"1000"
"discards.n","4",1992,34348,"1000"
"discards.n","5",1992,4307,"1000"
"discards.n","6",1992,880,"1000"
"discards.n","7",1992,0,"1000"
"discards.n","8",1992,0,"1000"
"discards.n","9",1992,0,"1000"
"discards.n","10",1992,0,"1000"
"discards.n","1",1993,96371,"1000"
"discards.n","2",1993,154083,"1000"
"discards.n","3",1993,48088,"1000"
"discards.n","4",1993,11966,"1000"
"discards.n","5",1993,1635,"1000"
"discards.n","6",1993,216,"1000"
"discards.n","7",1993,0,"1000"
"discards.n","8",1993,0,"1000"
"discards.n","9",1993,0,"1000"
"discards.n","10",1993,0,"1000"
"discards.n","1",1994,62122,"1000"
"discards.n","2",1994,95703,"1000"
"discards.n","3",1994,35703,"1000"
"discards.n","4",1994,1038,"1000"
"discards.n","5",1994,822,"1000"
"discards.n","6",1994,144,"1000"
"discards.n","7",1994,0,"1000"
"discards.n","8",1994,0,"1000"
"discards.n","9",1994,0,"1000"
"discards.n","10",1994,0,"1000"
"discards.n","1",1995,118863,"1000"
"discards.n","2",1995,82676,"1000"
"discards.n","3",1995,15753,"1000"
"discards.n","4",1995,860,"1000"
"discards.n","5",1995,663,"1000"
"discards.n","6",1995,120,"1000"
"discards.n","7",1995,0,"1000"
"discards.n","8",1995,0,"1000"
"discards.n","9",1995,0,"1000"
"discards.n","10",1995,0,"1000"
"discards.n","1",1996,111250,"1000"
"discards.n","2",1996,331065,"1000"
"discards.n","3",1996,27606,"1000"
"discards.n","4",1996,3930,"1000"
"discards.n","5",1996,451,"1000"
"discards.n","6",1996,116,"1000"
"discards.n","7",1996,0,"1000"
"discards.n","8",1996,0,"1000"
"discards.n","9",1996,0,"1000"
"discards.n","10",1996,0,"1000"
"discards.n","1",1997,128653,"1000"
"discards.n","2",1997,510918,"1000"
"discards.n","3",1997,193828,"1000"
"discards.n","4",1997,588,"1000"
"discards.n","5",1997,271,"1000"
"discards.n","6",1997,108,"1000"
"discards.n","7",1997,0,"1000"
"discards.n","8",1997,0,"1000"
"discards.n","9",1997,0,"1000"
"discards.n","10",1997,0,"1000"
"discards.n","1",1998,104538,"1000"
"discards.n","2",1998,646250,"1000"
"discards.n","3",1998,191631,"1000"
"discards.n","4",1998,53354,"1000"
"discards.n","5",1998,297,"1000"
"discards.n","6",1998,33,"1000"
"discards.n","7",1998,0,"1000"
"discards.n","8",1998,0,"1000"
"discards.n","9",1998,0,"1000"
"discards.n","10",1998,0,"1000"
"discards.n","1",1999,127321,"1000"
"discards.n","2",1999,208401,"1000"
"discards.n","3",1999,231769,"1000"
"discards.n","4",1999,54869,"1000"
"discards.n","5",1999,278,"1000"
"discards.n","6",1999,58,"1000"
"discards.n","7",1999,0,"1000"
"discards.n","8",1999,0,"1000"
"discards.n","9",1999,0,"1000"
"discards.n","10",1999,0,"1000"
"discards.n","1",2000,103422,"1000"
"discards.n","2",2000,171828,"1000"
"discards.n","3",2000,52354,"1000"
"discards.n","4",2000,65871,"1000"
"discards.n","5",2000,1632,"1000"
"discards.n","6",2000,312,"1000"
"discards.n","7",2000,269,"1000"
"discards.n","8",2000,168,"1000"
"discards.n","9",2000,0,"1000"
"discards.n","10",2000,0,"1000"
"discards.n","1",2001,30295,"1000"
"discards.n","2",2001,352922,"1000"
"discards.n","3",2001,187964,"1000"
"discards.n","4",2001,75433,"1000"
"discards.n","5",2001,54602,"1000"
"discards.n","6",2001,212,"1000"
"discards.n","7",2001,46,"1000"
"discards.n","8",2001,1,"1000"
"discards.n","9",2001,0,"1000"
"discards.n","10",2001,0,"1000"
"discards.n","1",2002,309770,"1000"
"discards.n","2",2002,178382,"1000"
"discards.n","3",2002,78012,"1000"
"discards.n","4",2002,13378,"1000"
"discards.n","5",2002,2130,"1000"
"discards.n","6",2002,761,"1000"
"discards.n","7",2002,119,"1000"
"discards.n","8",2002,1,"1000"
"discards.n","9",2002,0,"1000"
"discards.n","10",2002,0,"1000"
"discards.n","1",2003,67615,"1000"
"discards.n","2",2003,518194,"1000"
"discards.n","3",2003,53760,"1000"
"discards.n","4",2003,19942,"1000"
"discards.n","5",2003,4213,"1000"
"discards.n","6",2003,455,"1000"
"discards.n","7",2003,5752,"1000"
"discards.n","8",2003,1,"1000"
"discards.n","9",2003,0,"1000"
"discards.n","10",2003,0,"1000"
"discards.n","1",2004,232854,"1000"
"discards.n","2",2004,180824,"1000"
"discards.n","3",2004,119011,"1000"
"discards.n","4",2004,8073,"1000"
"discards.n","5",2004,1674,"1000"
"discards.n","6",2004,357,"1000"
"discards.n","7",2004,43,"1000"
"discards.n","8",2004,1,"1000"
"discards.n","9",2004,0,"1000"
"discards.n","10",2004,0,"1000"
"discards.n","1",2005,93541,"1000"
"discards.n","2",2005,325997,"1000"
"discards.n","3",2005,46007,"1000"
"discards.n","4",2005,20842,"1000"
"discards.n","5",2005,4707,"1000"
"discards.n","6",2005,6077,"1000"
"discards.n","7",2005,157,"1000"
"discards.n","8",2005,1,"1000"
"discards.n","9",2005,0,"1000"
"discards.n","10",2005,0,"1000"
"discards.n","1",2006,220473,"1000"
"discards.n","2",2006,225077,"1000"
"discards.n","3",2006,110215,"1000"
"discards.n","4",2006,10656,"1000"
"discards.n","5",2006,3000,"1000"
"discards.n","6",2006,410,"1000"
"discards.n","7",2006,754,"1000"
"discards.n","8",2006,194,"1000"
"discards.n","9",2006,0,"1000"
"discards.n","10",2006,0,"1000"
"discards.n","1",2007,77312,"1000"
"discards.n","2",2007,205140,"1000"
"discards.n","3",2007,69312,"1000"
"discards.n","4",2007,10735,"1000"
"discards.n","5",2007,1437,"1000"
"discards.n","6",2007,7151,"1000"
"discards.n","7",2007,204,"1000"
"discards.n","8",2007,1649,"1000"
"discards.n","9",2007,0,"1000"
"discards.n","10",2007,0,"1000"
"discards.n","1",2008,135406,"1000"
"discards.n","2",2008,252629,"1000"
"discards.n","3",2008,37393,"1000"
"discards.n","4",2008,6237,"1000"
"discards.n","5",2008,2282,"1000"
"discards.n","6",2008,517,"1000"
"discards.n","7",2008,8882,"1000"
"discards.n","8",2008,891,"1000"
"discards.n","9",2008,0,"1000"
"discards.n","10",2008,0,"1000"
"discards.wt","1",1957,0.046,"kg"
"discards.wt","2",1957,0.102,"kg"
"discards.wt","3",1957,0.147,"kg"
"discards.wt","4",1957,0.18,"kg"
"discards.wt","5",1957,0.204,"kg"
"discards.wt","6",1957,0.231,"kg"
"discards.wt","7",1957,0.244,"kg"
"discards.wt","8",1957,0.231,"kg"
"discards.wt","9",1957,0,"kg"
"discards.wt","10",1957,0,"kg"
"discards.wt","1",1958,0.049,"kg"
"discards.wt","2",1958,0.095,"kg"
"discards.wt","3",1958,0.158,"kg"
"discards.wt","4",1958,0.186,"kg"
"discards.wt","5",1958,0.198,"kg"
"discards.wt","6",1958,0.244,"kg"
"discards.wt","7",1958,0.244,"kg"
"discards.wt","8",1958,0,"kg"
"discards.wt","9",1958,0,"kg"
"discards.wt","10",1958,0,"kg"
"discards.wt","1",1959,0.053,"kg"
"discards.wt","2",1959,0.106,"kg"
"discards.wt","3",1959,0.155,"kg"
"discards.wt","4",1959,0.185,"kg"
"discards.wt","5",1959,0.193,"kg"
"discards.wt","6",1959,0.231,"kg"
"discards.wt","7",1959,0,"kg"
"discards.wt","8",1959,0,"kg"
"discards.wt","9",1959,0,"kg"
"discards.wt","10",1959,0,"kg"
"discards.wt","1",1960,0.047,"kg"
"discards.wt","2",1960,0.11,"kg"
"discards.wt","3",1960,0.159,"kg"
"discards.wt","4",1960,0.186,"kg"
"discards.wt","5",1960,0.199,"kg"
"discards.wt","6",1960,0.21,"kg"
"discards.wt","7",1960,0.231,"kg"
"discards.wt","8",1960,0,"kg"
"discards.wt","9",1960,0,"kg"
"discards.wt","10",1960,0,"kg"
"discards.wt","1",1961,0.046,"kg"
"discards.wt","2",1961,0.098,"kg"
"discards.wt","3",1961,0.16,"kg"
"discards.wt","4",1961,0.192,"kg"
"discards.wt","5",1961,0.202,"kg"
"discards.wt","6",1961,0.212,"kg"
"discards.wt","7",1961,0.211,"kg"
"discards.wt","8",1961,0.244,"kg"
"discards.wt","9",1961,0,"kg"
"discards.wt","10",1961,0,"kg"
"discards.wt","1",1962,0.044,"kg"
"discards.wt","2",1962,0.097,"kg"
"discards.wt","3",1962,0.155,"kg"
"discards.wt","4",1962,0.192,"kg"
"discards.wt","5",1962,0.211,"kg"
"discards.wt","6",1962,0.219,"kg"
"discards.wt","7",1962,0.22,"kg"
"discards.wt","8",1962,0.22,"kg"
"discards.wt","9",1962,0,"kg"
"discards.wt","10",1962,0,"kg"
"discards.wt","1",1963,0.049,"kg"
"discards.wt","2",1963,0.103,"kg"
"discards.wt","3",1963,0.156,"kg"
"discards.wt","4",1963,0.186,"kg"
"discards.wt","5",1963,0.203,"kg"
"discards.wt","6",1963,0.231,"kg"
"discards.wt","7",1963,0.22,"kg"
"discards.wt","8",1963,0.231,"kg"
"discards.wt","9",1963,0,"kg"
"discards.wt","10",1963,0,"kg"
"discards.wt","1",1964,0.034,"kg"
"discards.wt","2",1964,0.112,"kg"
"discards.wt","3",1964,0.16,"kg"
"discards.wt","4",1964,0.191,"kg"
"discards.wt","5",1964,0.202,"kg"
"discards.wt","6",1964,0.22,"kg"
"discards.wt","7",1964,0.231,"kg"
"discards.wt","8",1964,0.231,"kg"
"discards.wt","9",1964,0,"kg"
"discards.wt","10",1964,0,"kg"
"discards.wt","1",1965,0.04,"kg"
"discards.wt","2",1965,0.071,"kg"
"discards.wt","3",1965,0.165,"kg"
"discards.wt","4",1965,0.191,"kg"
"discards.wt","5",1965,0.21,"kg"
"discards.wt","6",1965,0.22,"kg"
"discards.wt","7",1965,0.22,"kg"
"discards.wt","8",1965,0,"kg"
"discards.wt","9",1965,0,"kg"
"discards.wt","10",1965,0,"kg"
"discards.wt","1",1966,0.04,"kg"
"discards.wt","2",1966,0.1,"kg"
"discards.wt","3",1966,0.126,"kg"
"discards.wt","4",1966,0.192,"kg"
"discards.wt","5",1966,0.203,"kg"
"discards.wt","6",1966,0.231,"kg"
"discards.wt","7",1966,0.22,"kg"
"discards.wt","8",1966,0.231,"kg"
"discards.wt","9",1966,0,"kg"
"discards.wt","10",1966,0,"kg"
"discards.wt","1",1967,0.038,"kg"
"discards.wt","2",1967,0.104,"kg"
"discards.wt","3",1967,0.157,"kg"
"discards.wt","4",1967,0.169,"kg"
"discards.wt","5",1967,0.211,"kg"
"discards.wt","6",1967,0.219,"kg"
"discards.wt","7",1967,0.231,"kg"
"discards.wt","8",1967,0.244,"kg"
"discards.wt","9",1967,0,"kg"
"discards.wt","10",1967,0,"kg"
"discards.wt","1",1968,0.062,"kg"
"discards.wt","2",1968,0.095,"kg"
"discards.wt","3",1968,0.156,"kg"
"discards.wt","4",1968,0.19,"kg"
"discards.wt","5",1968,0.189,"kg"
"discards.wt","6",1968,0.244,"kg"
"discards.wt","7",1968,0.212,"kg"
"discards.wt","8",1968,0,"kg"
"discards.wt","9",1968,0,"kg"
"discards.wt","10",1968,0,"kg"
"discards.wt","1",1969,0.055,"kg"
"discards.wt","2",1969,0.144,"kg"
"discards.wt","3",1969,0.161,"kg"
"discards.wt","4",1969,0.185,"kg"
"discards.wt","5",1969,0.205,"kg"
"discards.wt","6",1969,0.21,"kg"
"discards.wt","7",1969,0.244,"kg"
"discards.wt","8",1969,0.231,"kg"
"discards.wt","9",1969,0,"kg"
"discards.wt","10",1969,0,"kg"
"discards.wt","1",1970,0.051,"kg"
"discards.wt","2",1970,0.113,"kg"
"discards.wt","3",1970,0.178,"kg"
"discards.wt","4",1970,0.187,"kg"
"discards.wt","5",1970,0.192,"kg"
"discards.wt","6",1970,0,"kg"
"discards.wt","7",1970,0.212,"kg"
"discards.wt","8",1970,0.231,"kg"
"discards.wt","9",1970,0,"kg"
"discards.wt","10",1970,0,"kg"
"discards.wt","1",1971,0.059,"kg"
"discards.wt","2",1971,0.109,"kg"
"discards.wt","3",1971,0.182,"kg"
"discards.wt","4",1971,0.198,"kg"
"discards.wt","5",1971,0.211,"kg"
"discards.wt","6",1971,0,"kg"
"discards.wt","7",1971,0,"kg"
"discards.wt","8",1971,0.231,"kg"
"discards.wt","9",1971,0,"kg"
"discards.wt","10",1971,0,"kg"
"discards.wt","1",1972,0.063,"kg"
"discards.wt","2",1972,0.145,"kg"
"discards.wt","3",1972,0.173,"kg"
"discards.wt","4",1972,0.21,"kg"
"discards.wt","5",1972,0.205,"kg"
"discards.wt","6",1972,0.244,"kg"
"discards.wt","7",1972,0,"kg"
"discards.wt","8",1972,0,"kg"
"discards.wt","9",1972,0,"kg"
"discards.wt","10",1972,0,"kg"
"discards.wt","1",1973,0.045,"kg"
"discards.wt","2",1973,0.128,"kg"
"discards.wt","3",1973,0.178,"kg"
"discards.wt","4",1973,0.193,"kg"
"discards.wt","5",1973,0.204,"kg"
"discards.wt","6",1973,0.231,"kg"
"discards.wt","7",1973,0.244,"kg"
"discards.wt","8",1973,0,"kg"
"discards.wt","9",1973,0,"kg"
"discards.wt","10",1973,0,"kg"
"discards.wt","1",1974,0.057,"kg"
"discards.wt","2",1974,0.105,"kg"
"discards.wt","3",1974,0.173,"kg"
"discards.wt","4",1974,0.21,"kg"
"discards.wt","5",1974,0.212,"kg"
"discards.wt","6",1974,0.231,"kg"
"discards.wt","7",1974,0.244,"kg"
"discards.wt","8",1974,0,"kg"
"discards.wt","9",1974,0,"kg"
"discards.wt","10",1974,0,"kg"
"discards.wt","1",1975,0.07,"kg"
"discards.wt","2",1975,0.134,"kg"
"discards.wt","3",1975,0.162,"kg"
"discards.wt","4",1975,0.204,"kg"
"discards.wt","5",1975,0.22,"kg"
"discards.wt","6",1975,0.244,"kg"
"discards.wt","7",1975,0.244,"kg"
"discards.wt","8",1975,0,"kg"
"discards.wt","9",1975,0,"kg"
"discards.wt","10",1975,0,"kg"
"discards.wt","1",1976,0.088,"kg"
"discards.wt","2",1976,0.151,"kg"
"discards.wt","3",1976,0.175,"kg"
"discards.wt","4",1976,0.193,"kg"
"discards.wt","5",1976,0.219,"kg"
"discards.wt","6",1976,0.244,"kg"
"discards.wt","7",1976,0.244,"kg"
"discards.wt","8",1976,0,"kg"
"discards.wt","9",1976,0,"kg"
"discards.wt","10",1976,0,"kg"
"discards.wt","1",1977,0.071,"kg"
"discards.wt","2",1977,0.157,"kg"
"discards.wt","3",1977,0.185,"kg"
"discards.wt","4",1977,0.193,"kg"
"discards.wt","5",1977,0.196,"kg"
"discards.wt","6",1977,0.211,"kg"
"discards.wt","7",1977,0,"kg"
"discards.wt","8",1977,0,"kg"
"discards.wt","9",1977,0,"kg"
"discards.wt","10",1977,0,"kg"
"discards.wt","1",1978,0.071,"kg"
"discards.wt","2",1978,0.141,"kg"
"discards.wt","3",1978,0.196,"kg"
"discards.wt","4",1978,0.203,"kg"
"discards.wt","5",1978,0.205,"kg"
"discards.wt","6",1978,0.211,"kg"
"discards.wt","7",1978,0.22,"kg"
"discards.wt","8",1978,0,"kg"
"discards.wt","9",1978,0,"kg"
"discards.wt","10",1978,0,"kg"
"discards.wt","1",1979,0.069,"kg"
"discards.wt","2",1979,0.155,"kg"
"discards.wt","3",1979,0.184,"kg"
"discards.wt","4",1979,0.202,"kg"
"discards.wt","5",1979,0.219,"kg"
"discards.wt","6",1979,0.231,"kg"
"discards.wt","7",1979,0.22,"kg"
"discards.wt","8",1979,0.244,"kg"
"discards.wt","9",1979,0,"kg"
"discards.wt","10",1979,0,"kg"
"discards.wt","1",1980,0.057,"kg"
"discards.wt","2",1980,0.147,"kg"
"discards.wt","3",1980,0.19,"kg"
"discards.wt","4",1980,0.211,"kg"
"discards.wt","5",1980,0.22,"kg"
"discards.wt","6",1980,0,"kg"
"discards.wt","7",1980,0.244,"kg"
"discards.wt","8",1980,0,"kg"
"discards.wt","9",1980,0,"kg"
"discards.wt","10",1980,0,"kg"
"discards.wt","1",1981,0.05,"kg"
"discards.wt","2",1981,0.133,"kg"
"discards.wt","3",1981,0.178,"kg"
"discards.wt","4",1981,0.21,"kg"
"discards.wt","5",1981,0.219,"kg"
"discards.wt","6",1981,0.244,"kg"
"discards.wt","7",1981,0,"kg"
"discards.wt","8",1981,0,"kg"
"discards.wt","9",1981,0,"kg"
"discards.wt","10",1981,0,"kg"
"discards.wt","1",1982,0.056,"kg"
"discards.wt","2",1982,0.125,"kg"
"discards.wt","3",1982,0.182,"kg"
"discards.wt","4",1982,0.199,"kg"
"discards.wt","5",1982,0.231,"kg"
"discards.wt","6",1982,0.231,"kg"
"discards.wt","7",1982,0.244,"kg"
"discards.wt","8",1982,0,"kg"
"discards.wt","9",1982,0,"kg"
"discards.wt","10",1982,0,"kg"
"discards.wt","1",1983,0.054,"kg"
"discards.wt","2",1983,0.124,"kg"
"discards.wt","3",1983,0.18,"kg"
"discards.wt","4",1983,0.203,"kg"
"discards.wt","5",1983,0.205,"kg"
"discards.wt","6",1983,0.244,"kg"
"discards.wt","7",1983,0.244,"kg"
"discards.wt","8",1983,0,"kg"
"discards.wt","9",1983,0,"kg"
"discards.wt","10",1983,0,"kg"
"discards.wt","1",1984,0.055,"kg"
"discards.wt","2",1984,0.125,"kg"
"discards.wt","3",1984,0.172,"kg"
"discards.wt","4",1984,0.21,"kg"
"discards.wt","5",1984,0.203,"kg"
"discards.wt","6",1984,0,"kg"
"discards.wt","7",1984,0.244,"kg"
"discards.wt","8",1984,0,"kg"
"discards.wt","9",1984,0,"kg"
"discards.wt","10",1984,0,"kg"
"discards.wt","1",1985,0.056,"kg"
"discards.wt","2",1985,0.138,"kg"
"discards.wt","3",1985,0.176,"kg"
"discards.wt","4",1985,0.195,"kg"
"discards.wt","5",1985,0.231,"kg"
"discards.wt","6",1985,0.244,"kg"
"discards.wt","7",1985,0,"kg"
"discards.wt","8",1985,0,"kg"
"discards.wt","9",1985,0,"kg"
"discards.wt","10",1985,0,"kg"
"discards.wt","1",1986,0.051,"kg"
"discards.wt","2",1986,0.123,"kg"
"discards.wt","3",1986,0.18,"kg"
"discards.wt","4",1986,0.192,"kg"
"discards.wt","5",1986,0.211,"kg"
"discards.wt","6",1986,0.244,"kg"
"discards.wt","7",1986,0.231,"kg"
"discards.wt","8",1986,0,"kg"
"discards.wt","9",1986,0,"kg"
"discards.wt","10",1986,0,"kg"
"discards.wt","1",1987,0.044,"kg"
"discards.wt","2",1987,0.104,"kg"
"discards.wt","3",1987,0.165,"kg"
"discards.wt","4",1987,0.203,"kg"
"discards.wt","5",1987,0.211,"kg"
"discards.wt","6",1987,0.231,"kg"
"discards.wt","7",1987,0,"kg"
"discards.wt","8",1987,0,"kg"
"discards.wt","9",1987,0,"kg"
"discards.wt","10",1987,0,"kg"
"discards.wt","1",1988,0.044,"kg"
"discards.wt","2",1988,0.098,"kg"
"discards.wt","3",1988,0.154,"kg"
"discards.wt","4",1988,0.184,"kg"
"discards.wt","5",1988,0.211,"kg"
"discards.wt","6",1988,0.231,"kg"
"discards.wt","7",1988,0,"kg"
"discards.wt","8",1988,0,"kg"
"discards.wt","9",1988,0,"kg"
"discards.wt","10",1988,0,"kg"
"discards.wt","1",1989,0.047,"kg"
"discards.wt","2",1989,0.102,"kg"
"discards.wt","3",1989,0.163,"kg"
"discards.wt","4",1989,0.18,"kg"
"discards.wt","5",1989,0.192,"kg"
"discards.wt","6",1989,0.244,"kg"
"discards.wt","7",1989,0,"kg"
"discards.wt","8",1989,0,"kg"
"discards.wt","9",1989,0,"kg"
"discards.wt","10",1989,0,"kg"
"discards.wt","1",1990,0.054,"kg"
"discards.wt","2",1990,0.113,"kg"
"discards.wt","3",1990,0.159,"kg"
"discards.wt","4",1990,0.185,"kg"
"discards.wt","5",1990,0.205,"kg"
"discards.wt","6",1990,0.231,"kg"
"discards.wt","7",1990,0,"kg"
"discards.wt","8",1990,0,"kg"
"discards.wt","9",1990,0,"kg"
"discards.wt","10",1990,0,"kg"
"discards.wt","1",1991,0.058,"kg"
"discards.wt","2",1991,0.13,"kg"
"discards.wt","3",1991,0.162,"kg"
"discards.wt","4",1991,0.185,"kg"
"discards.wt","5",1991,0.199,"kg"
"discards.wt","6",1991,0.22,"kg"
"discards.wt","7",1991,0.22,"kg"
"discards.wt","8",1991,0.231,"kg"
"discards.wt","9",1991,0,"kg"
"discards.wt","10",1991,0,"kg"
"discards.wt","1",1992,0.055,"kg"
"discards.wt","2",1992,0.124,"kg"
"discards.wt","3",1992,0.167,"kg"
"discards.wt","4",1992,0.186,"kg"
"discards.wt","5",1992,0.2,"kg"
"discards.wt","6",1992,0.21,"kg"
"discards.wt","7",1992,0.22,"kg"
"discards.wt","8",1992,0.244,"kg"
"discards.wt","9",1992,0,"kg"
"discards.wt","10",1992,0,"kg"
"discards.wt","1",1993,0.059,"kg"
"discards.wt","2",1993,0.12,"kg"
"discards.wt","3",1993,0.171,"kg"
"discards.wt","4",1993,0.196,"kg"
"discards.wt","5",1993,0.205,"kg"
"discards.wt","6",1993,0.231,"kg"
"discards.wt","7",1993,0.231,"kg"
"discards.wt","8",1993,0,"kg"
"discards.wt","9",1993,0,"kg"
"discards.wt","10",1993,0,"kg"
"discards.wt","1",1994,0.062,"kg"
"discards.wt","2",1994,0.141,"kg"
"discards.wt","3",1994,0.175,"kg"
"discards.wt","4",1994,0.192,"kg"
"discards.wt","5",1994,0.211,"kg"
"discards.wt","6",1994,0.231,"kg"
"discards.wt","7",1994,0.244,"kg"
"discards.wt","8",1994,0.22,"kg"
"discards.wt","9",1994,0,"kg"
"discards.wt","10",1994,0,"kg"
"discards.wt","1",1995,0.06,"kg"
"discards.wt","2",1995,0.14,"kg"
"discards.wt","3",1995,0.185,"kg"
"discards.wt","4",1995,0.199,"kg"
"discards.wt","5",1995,0.212,"kg"
"discards.wt","6",1995,0.231,"kg"
"discards.wt","7",1995,0.231,"kg"
"discards.wt","8",1995,0.244,"kg"
"discards.wt","9",1995,0,"kg"
"discards.wt","10",1995,0,"kg"
"discards.wt","1",1996,0.053,"kg"
"discards.wt","2",1996,0.122,"kg"
"discards.wt","3",1996,0.178,"kg"
"discards.wt","4",1996,0.203,"kg"
"discards.wt","5",1996,0.22,"kg"
"discards.wt","6",1996,0.231,"kg"
"discards.wt","7",1996,0,"kg"
"discards.wt","8",1996,0.244,"kg"
"discards.wt","9",1996,0,"kg"
"discards.wt","10",1996,0,"kg"
"discards.wt","1",1997,0.042,"kg"
"discards.wt","2",1997,0.118,"kg"
"discards.wt","3",1997,0.16,"kg"
"discards.wt","4",1997,0.202,"kg"
"discards.wt","5",1997,0.22,"kg"
"discards.wt","6",1997,0.244,"kg"
"discards.wt","7",1997,0,"kg"
"discards.wt","8",1997,0,"kg"
"discards.wt","9",1997,0,"kg"
"discards.wt","10",1997,0,"kg"
"discards.wt","1",1998,0.049,"kg"
"discards.wt","2",1998,0.086,"kg"
"discards.wt","3",1998,0.168,"kg"
"discards.wt","4",1998,0.197,"kg"
"discards.wt","5",1998,0.212,"kg"
"discards.wt","6",1998,0,"kg"
"discards.wt","7",1998,0.244,"kg"
"discards.wt","8",1998,0,"kg"
"discards.wt","9",1998,0,"kg"
"discards.wt","10",1998,0,"kg"
"discards.wt","1",1999,0.055,"kg"
"discards.wt","2",1999,0.096,"kg"
"discards.wt","3",1999,0.144,"kg"
"discards.wt","4",1999,0.193,"kg"
"discards.wt","5",1999,0.211,"kg"
"discards.wt","6",1999,0.244,"kg"
"discards.wt","7",1999,0,"kg"
"discards.wt","8",1999,0,"kg"
"discards.wt","9",1999,0,"kg"
"discards.wt","10",1999,0,"kg"
"discards.wt","1",2000,0.061,"kg"
"discards.wt","2",2000,0.11,"kg"
"discards.wt","3",2000,0.152,"kg"
"discards.wt","4",2000,0.173,"kg"
"discards.wt","5",2000,0.231,"kg"
"discards.wt","6",2000,0,"kg"
"discards.wt","7",2000,0.198,"kg"
"discards.wt","8",2000,0,"kg"
"discards.wt","9",2000,0,"kg"
"discards.wt","10",2000,0,"kg"
"discards.wt","1",2001,0.07,"kg"
"discards.wt","2",2001,0.122,"kg"
"discards.wt","3",2001,0.167,"kg"
"discards.wt","4",2001,0.177,"kg"
"discards.wt","5",2001,0.195,"kg"
"discards.wt","6",2001,0.231,"kg"
"discards.wt","7",2001,0,"kg"
"discards.wt","8",2001,0.231,"kg"
"discards.wt","9",2001,0,"kg"
"discards.wt","10",2001,0,"kg"
"discards.wt","1",2002,0.058,"kg"
"discards.wt","2",2002,0.119,"kg"
"discards.wt","3",2002,0.171,"kg"
"discards.wt","4",2002,0.191,"kg"
"discards.wt","5",2002,0.196,"kg"
"discards.wt","6",2002,0.211,"kg"
"discards.wt","7",2002,0,"kg"
"discards.wt","8",2002,0,"kg"
"discards.wt","9",2002,0,"kg"
"discards.wt","10",2002,0,"kg"
"discards.wt","1",2003,0.068,"kg"
"discards.wt","2",2003,0.114,"kg"
"discards.wt","3",2003,0.174,"kg"
"discards.wt","4",2003,0.184,"kg"
"discards.wt","5",2003,0.198,"kg"
"discards.wt","6",2003,0.204,"kg"
"discards.wt","7",2003,0.22,"kg"
"discards.wt","8",2003,0,"kg"
"discards.wt","9",2003,0,"kg"
"discards.wt","10",2003,0,"kg"
"discards.wt","1",2004,0.057,"kg"
"discards.wt","2",2004,0.117,"kg"
"discards.wt","3",2004,0.167,"kg"
"discards.wt","4",2004,0.192,"kg"
"discards.wt","5",2004,0.196,"kg"
"discards.wt","6",2004,0.211,"kg"
"discards.wt","7",2004,0.199,"kg"
"discards.wt","8",2004,0,"kg"
"discards.wt","9",2004,0,"kg"
"discards.wt","10",2004,0,"kg"
"discards.wt","1",2005,0.063,"kg"
"discards.wt","2",2005,0.109,"kg"
"discards.wt","3",2005,0.172,"kg"
"discards.wt","4",2005,0.178,"kg"
"discards.wt","5",2005,0.22,"kg"
"discards.wt","6",2005,0.204,"kg"
"discards.wt","7",2005,0.219,"kg"
"discards.wt","8",2005,0.231,"kg"
"discards.wt","9",2005,0,"kg"
"discards.wt","10",2005,0,"kg"
"discards.wt","1",2006,0.062,"kg"
"discards.wt","2",2006,0.128,"kg"
"discards.wt","3",2006,0.162,"kg"
"discards.wt","4",2006,0.193,"kg"
"discards.wt","5",2006,0.197,"kg"
"discards.wt","6",2006,0.199,"kg"
"discards.wt","7",2006,0.21,"kg"
"discards.wt","8",2006,0.211,"kg"
"discards.wt","9",2006,0,"kg"
"discards.wt","10",2006,0,"kg"
"discards.wt","1",2007,0.057,"kg"
"discards.wt","2",2007,0.097,"kg"
"discards.wt","3",2007,0.177,"kg"
"discards.wt","4",2007,0.178,"kg"
"discards.wt","5",2007,0.192,"kg"
"discards.wt","6",2007,0.197,"kg"
"discards.wt","7",2007,0.22,"kg"
"discards.wt","8",2007,0.197,"kg"
"discards.wt","9",2007,0,"kg"
"discards.wt","10",2007,0,"kg"
"discards.wt","1",2008,0.058,"kg"
"discards.wt","2",2008,0.116,"kg"
"discards.wt","3",2008,0.165,"kg"
"discards.wt","4",2008,0.187,"kg"
"discards.wt","5",2008,0.188,"kg"
"discards.wt","6",2008,0.231,"kg"
"discards.wt","7",2008,0.22,"kg"
"discards.wt","8",2008,0.19,"kg"
"discards.wt","9",2008,0,"kg"
"discards.wt","10",2008,0,"kg"
"landings.n","1",1957,0,"1000"
"landings.n","2",1957,4315,"1000"
"landings.n","3",1957,59818,"1000"
"landings.n","4",1957,44718,"1000"
"landings.n","5",1957,31771,"1000"
"landings.n","6",1957,8885,"1000"
"landings.n","7",1957,11029,"1000"
"landings.n","8",1957,9028,"1000"
"landings.n","9",1957,4973,"1000"
"landings.n","10",1957,10859,"1000"
"landings.n","1",1958,0,"1000"
"landings.n","2",1958,7129,"1000"
"landings.n","3",1958,22205,"1000"
"landings.n","4",1958,62047,"1000"
"landings.n","5",1958,34112,"1000"
"landings.n","6",1958,19594,"1000"
"landings.n","7",1958,8178,"1000"
"landings.n","8",1958,8000,"1000"
"landings.n","9",1958,6110,"1000"
"landings.n","10",1958,13148,"1000"
"landings.n","1",1959,0,"1000"
"landings.n","2",1959,16556,"1000"
"landings.n","3",1959,30427,"1000"
"landings.n","4",1959,25489,"1000"
"landings.n","5",1959,41099,"1000"
"landings.n","6",1959,22936,"1000"
"landings.n","7",1959,13873,"1000"
"landings.n","8",1959,6408,"1000"
"landings.n","9",1959,6596,"1000"
"landings.n","10",1959,16180,"1000"
"landings.n","1",1960,0,"1000"
"landings.n","2",1960,5959,"1000"
"landings.n","3",1960,61876,"1000"
"landings.n","4",1960,51022,"1000"
"landings.n","5",1960,21321,"1000"
"landings.n","6",1960,27329,"1000"
"landings.n","7",1960,14186,"1000"
"landings.n","8",1960,9013,"1000"
"landings.n","9",1960,5087,"1000"
"landings.n","10",1960,15153,"1000"
"landings.n","1",1961,0,"1000"
"landings.n","2",1961,2264,"1000"
"landings.n","3",1961,33392,"1000"
"landings.n","4",1961,67906,"1000"
"landings.n","5",1961,32699,"1000"
"landings.n","6",1961,12759,"1000"
"landings.n","7",1961,14680,"1000"
"landings.n","8",1961,9748,"1000"
"landings.n","9",1961,5996,"1000"
"landings.n","10",1961,14660,"1000"
"landings.n","1",1962,0,"1000"
"landings.n","2",1962,2147,"1000"
"landings.n","3",1962,35876,"1000"
"landings.n","4",1962,66779,"1000"
"landings.n","5",1962,50060,"1000"
"landings.n","6",1962,20628,"1000"
"landings.n","7",1962,9060,"1000"
"landings.n","8",1962,9035,"1000"
"landings.n","9",1962,5257,"1000"
"landings.n","10",1962,12801,"1000"
"landings.n","1",1963,0,"1000"
"landings.n","2",1963,4340,"1000"
"landings.n","3",1963,21471,"1000"
"landings.n","4",1963,76926,"1000"
"landings.n","5",1963,54364,"1000"
"landings.n","6",1963,31799,"1000"
"landings.n","7",1963,12848,"1000"
"landings.n","8",1963,6833,"1000"
"landings.n","9",1963,7047,"1000"
"landings.n","10",1963,16592,"1000"
"landings.n","1",1964,0,"1000"
"landings.n","2",1964,14708,"1000"
"landings.n","3",1964,40486,"1000"
"landings.n","4",1964,64735,"1000"
"landings.n","5",1964,57408,"1000"
"landings.n","6",1964,37091,"1000"
"landings.n","7",1964,15819,"1000"
"landings.n","8",1964,6595,"1000"
"landings.n","9",1964,3980,"1000"
"landings.n","10",1964,16886,"1000"
"landings.n","1",1965,0,"1000"
"landings.n","2",1965,9858,"1000"
"landings.n","3",1965,42202,"1000"
"landings.n","4",1965,53188,"1000"
"landings.n","5",1965,43674,"1000"
"landings.n","6",1965,30151,"1000"
"landings.n","7",1965,18361,"1000"
"landings.n","8",1965,8554,"1000"
"landings.n","9",1965,4213,"1000"
"landings.n","10",1965,17587,"1000"
"landings.n","1",1966,0,"1000"
"landings.n","2",1966,4144,"1000"
"landings.n","3",1966,65009,"1000"
"landings.n","4",1966,51488,"1000"
"landings.n","5",1966,36667,"1000"
"landings.n","6",1966,27370,"1000"
"landings.n","7",1966,16500,"1000"
"landings.n","8",1966,10784,"1000"
"landings.n","9",1966,6467,"1000"
"landings.n","10",1966,14928,"1000"
"landings.n","1",1967,0,"1000"
"landings.n","2",1967,5982,"1000"
"landings.n","3",1967,30304,"1000"
"landings.n","4",1967,112917,"1000"
"landings.n","5",1967,41383,"1000"
"landings.n","6",1967,22053,"1000"
"landings.n","7",1967,16175,"1000"
"landings.n","8",1967,8004,"1000"
"landings.n","9",1967,6728,"1000"
"landings.n","10",1967,11175,"1000"
"landings.n","1",1968,0,"1000"
"landings.n","2",1968,9474,"1000"
"landings.n","3",1968,40698,"1000"
"landings.n","4",1968,38140,"1000"
"landings.n","5",1968,123619,"1000"
"landings.n","6",1968,17139,"1000"
"landings.n","7",1968,10341,"1000"
"landings.n","8",1968,10102,"1000"
"landings.n","9",1968,3925,"1000"
"landings.n","10",1968,13365,"1000"
"landings.n","1",1969,3,"1000"
"landings.n","2",1969,15017,"1000"
"landings.n","3",1969,45187,"1000"
"landings.n","4",1969,36084,"1000"
"landings.n","5",1969,35585,"1000"
"landings.n","6",1969,102014,"1000"
"landings.n","7",1969,10410,"1000"
"landings.n","8",1969,6086,"1000"
"landings.n","9",1969,8192,"1000"
"landings.n","10",1969,16092,"1000"
"landings.n","1",1970,76,"1000"
"landings.n","2",1970,17294,"1000"
"landings.n","3",1970,51174,"1000"
"landings.n","4",1970,56153,"1000"
"landings.n","5",1970,40686,"1000"
"landings.n","6",1970,35074,"1000"
"landings.n","7",1970,78886,"1000"
"landings.n","8",1970,6311,"1000"
"landings.n","9",1970,4185,"1000"
"landings.n","10",1970,14840,"1000"
"landings.n","1",1971,19,"1000"
"landings.n","2",1971,29591,"1000"
"landings.n","3",1971,48282,"1000"
"landings.n","4",1971,33475,"1000"
"landings.n","5",1971,26059,"1000"
"landings.n","6",1971,22903,"1000"
"landings.n","7",1971,16913,"1000"
"landings.n","8",1971,29730,"1000"
"landings.n","9",1971,6414,"1000"
"landings.n","10",1971,16910,"1000"
"landings.n","1",1972,2233,"1000"
"landings.n","2",1972,36528,"1000"
"landings.n","3",1972,62199,"1000"
"landings.n","4",1972,52906,"1000"
"landings.n","5",1972,23043,"1000"
"landings.n","6",1972,16998,"1000"
"landings.n","7",1972,14380,"1000"
"landings.n","8",1972,10903,"1000"
"landings.n","9",1972,18585,"1000"
"landings.n","10",1972,15651,"1000"
"landings.n","1",1973,1268,"1000"
"landings.n","2",1973,31733,"1000"
"landings.n","3",1973,59099,"1000"
"landings.n","4",1973,73065,"1000"
"landings.n","5",1973,42255,"1000"
"landings.n","6",1973,13817,"1000"
"landings.n","7",1973,8885,"1000"
"landings.n","8",1973,9848,"1000"
"landings.n","9",1973,6084,"1000"
"landings.n","10",1973,23978,"1000"
"landings.n","1",1974,2223,"1000"
"landings.n","2",1974,23120,"1000"
"landings.n","3",1974,55548,"1000"
"landings.n","4",1974,42125,"1000"
"landings.n","5",1974,41075,"1000"
"landings.n","6",1974,19666,"1000"
"landings.n","7",1974,8005,"1000"
"landings.n","8",1974,6321,"1000"
"landings.n","9",1974,5568,"1000"
"landings.n","10",1974,21980,"1000"
"landings.n","1",1975,981,"1000"
"landings.n","2",1975,28124,"1000"
"landings.n","3",1975,61623,"1000"
"landings.n","4",1975,31262,"1000"
"landings.n","5",1975,25419,"1000"
"landings.n","6",1975,21188,"1000"
"landings.n","7",1975,11873,"1000"
"landings.n","8",1975,5923,"1000"
"landings.n","9",1975,4106,"1000"
"landings.n","10",1975,19695,"1000"
"landings.n","1",1976,2820,"1000"
"landings.n","2",1976,33643,"1000"
"landings.n","3",1976,77649,"1000"
"landings.n","4",1976,96398,"1000"
"landings.n","5",1976,13779,"1000"
"landings.n","6",1976,9904,"1000"
"landings.n","7",1976,9120,"1000"
"landings.n","8",1976,6391,"1000"
"landings.n","9",1976,2947,"1000"
"landings.n","10",1976,12552,"1000"
"landings.n","1",1977,3220,"1000"
"landings.n","2",1977,56969,"1000"
"landings.n","3",1977,43289,"1000"
"landings.n","4",1977,66013,"1000"
"landings.n","5",1977,83705,"1000"
"landings.n","6",1977,9142,"1000"
"landings.n","7",1977,5912,"1000"
"landings.n","8",1977,5022,"1000"
"landings.n","9",1977,4061,"1000"
"landings.n","10",1977,9191,"1000"
"landings.n","1",1978,1143,"1000"
"landings.n","2",1978,60578,"1000"
"landings.n","3",1978,62343,"1000"
"landings.n","4",1978,54341,"1000"
"landings.n","5",1978,50102,"1000"
"landings.n","6",1978,35510,"1000"
"landings.n","7",1978,5940,"1000"
"landings.n","8",1978,3352,"1000"
"landings.n","9",1978,2419,"1000"
"landings.n","10",1978,7468,"1000"
"landings.n","1",1979,1318,"1000"
"landings.n","2",1979,58031,"1000"
"landings.n","3",1979,118863,"1000"
"landings.n","4",1979,48962,"1000"
"landings.n","5",1979,47886,"1000"
"landings.n","6",1979,39932,"1000"
"landings.n","7",1979,24228,"1000"
"landings.n","8",1979,4161,"1000"
"landings.n","9",1979,2807,"1000"
"landings.n","10",1979,9288,"1000"
"landings.n","1",1980,979,"1000"
"landings.n","2",1980,64904,"1000"
"landings.n","3",1980,133741,"1000"
"landings.n","4",1980,77523,"1000"
"landings.n","5",1980,24974,"1000"
"landings.n","6",1980,17982,"1000"
"landings.n","7",1980,13761,"1000"
"landings.n","8",1980,8458,"1000"
"landings.n","9",1980,1864,"1000"
"landings.n","10",1980,5377,"1000"
"landings.n","1",1981,253,"1000"
"landings.n","2",1981,100927,"1000"
"landings.n","3",1981,122296,"1000"
"landings.n","4",1981,57604,"1000"
"landings.n","5",1981,35745,"1000"
"landings.n","6",1981,12414,"1000"
"landings.n","7",1981,9564,"1000"
"landings.n","8",1981,8092,"1000"
"landings.n","9",1981,4874,"1000"
"landings.n","10",1981,5903,"1000"
"landings.n","1",1982,3334,"1000"
"landings.n","2",1982,47776,"1000"
"landings.n","3",1982,209007,"1000"
"landings.n","4",1982,69544,"1000"
"landings.n","5",1982,28655,"1000"
"landings.n","6",1982,16726,"1000"
"landings.n","7",1982,7589,"1000"
"landings.n","8",1982,5470,"1000"
"landings.n","9",1982,4482,"1000"
"landings.n","10",1982,8653,"1000"
"landings.n","1",1983,1214,"1000"
"landings.n","2",1983,119695,"1000"
"landings.n","3",1983,115034,"1000"
"landings.n","4",1983,99076,"1000"
"landings.n","5",1983,29359,"1000"
"landings.n","6",1983,12906,"1000"
"landings.n","7",1983,8216,"1000"
"landings.n","8",1983,4193,"1000"
"landings.n","9",1983,3013,"1000"
"landings.n","10",1983,8287,"1000"
"landings.n","1",1984,108,"1000"
"landings.n","2",1984,63252,"1000"
"landings.n","3",1984,274209,"1000"
"landings.n","4",1984,53549,"1000"
"landings.n","5",1984,37468,"1000"
"landings.n","6",1984,13661,"1000"
"landings.n","7",1984,6465,"1000"
"landings.n","8",1984,5544,"1000"
"landings.n","9",1984,2720,"1000"
"landings.n","10",1984,6565,"1000"
"landings.n","1",1985,121,"1000"
"landings.n","2",1985,73552,"1000"
"landings.n","3",1985,144316,"1000"
"landings.n","4",1985,185203,"1000"
"landings.n","5",1985,32520,"1000"
"landings.n","6",1985,15544,"1000"
"landings.n","7",1985,6871,"1000"
"landings.n","8",1985,3650,"1000"
"landings.n","9",1985,2698,"1000"
"landings.n","10",1985,5798,"1000"
"landings.n","1",1986,1674,"1000"
"landings.n","2",1986,67125,"1000"
"landings.n","3",1986,163717,"1000"
"landings.n","4",1986,93801,"1000"
"landings.n","5",1986,84479,"1000"
"landings.n","6",1986,24049,"1000"
"landings.n","7",1986,9299,"1000"
"landings.n","8",1986,4490,"1000"
"landings.n","9",1986,2733,"1000"
"landings.n","10",1986,6950,"1000"
"landings.n","1",1987,0,"1000"
"landings.n","2",1987,85123,"1000"
"landings.n","3",1987,115951,"1000"
"landings.n","4",1987,111239,"1000"
"landings.n","5",1987,64758,"1000"
"landings.n","6",1987,34728,"1000"
"landings.n","7",1987,11452,"1000"
"landings.n","8",1987,4341,"1000"
"landings.n","9",1987,2154,"1000"
"landings.n","10",1987,5478,"1000"
"landings.n","1",1988,0,"1000"
"landings.n","2",1988,15146,"1000"
"landings.n","3",1988,250675,"1000"
"landings.n","4",1988,74335,"1000"
"landings.n","5",1988,47380,"1000"
"landings.n","6",1988,25091,"1000"
"landings.n","7",1988,16774,"1000"
"landings.n","8",1988,5381,"1000"
"landings.n","9",1988,3162,"1000"
"landings.n","10",1988,6233,"1000"
"landings.n","1",1989,1261,"1000"
"landings.n","2",1989,46757,"1000"
"landings.n","3",1989,105929,"1000"
"landings.n","4",1989,231414,"1000"
"landings.n","5",1989,52909,"1000"
"landings.n","6",1989,19247,"1000"
"landings.n","7",1989,10567,"1000"
"landings.n","8",1989,7561,"1000"
"landings.n","9",1989,2120,"1000"
"landings.n","10",1989,5580,"1000"
"landings.n","1",1990,1550,"1000"
"landings.n","2",1990,32533,"1000"
"landings.n","3",1990,97766,"1000"
"landings.n","4",1990,110997,"1000"
"landings.n","5",1990,159814,"1000"
"landings.n","6",1990,26757,"1000"
"landings.n","7",1990,8129,"1000"
"landings.n","8",1990,4216,"1000"
"landings.n","9",1990,3451,"1000"
"landings.n","10",1990,3808,"1000"
"landings.n","1",1991,1461,"1000"
"landings.n","2",1991,43266,"1000"
"landings.n","3",1991,83603,"1000"
"landings.n","4",1991,116155,"1000"
"landings.n","5",1991,72961,"1000"
"landings.n","6",1991,77557,"1000"
"landings.n","7",1991,14910,"1000"
"landings.n","8",1991,5233,"1000"
"landings.n","9",1991,3141,"1000"
"landings.n","10",1991,5591,"1000"
"landings.n","1",1992,3410,"1000"
"landings.n","2",1992,43954,"1000"
"landings.n","3",1992,85120,"1000"
"landings.n","4",1992,72494,"1000"
"landings.n","5",1992,72703,"1000"
"landings.n","6",1992,33406,"1000"
"landings.n","7",1992,29547,"1000"
"landings.n","8",1992,6970,"1000"
"landings.n","9",1992,3200,"1000"
"landings.n","10",1992,6928,"1000"
"landings.n","1",1993,3461,"1000"
"landings.n","2",1993,53949,"1000"
"landings.n","3",1993,98375,"1000"
"landings.n","4",1993,72286,"1000"
"landings.n","5",1993,51405,"1000"
"landings.n","6",1993,29001,"1000"
"landings.n","7",1993,13472,"1000"
"landings.n","8",1993,11272,"1000"
"landings.n","9",1993,3645,"1000"
"landings.n","10",1993,5883,"1000"
"landings.n","1",1994,1394,"1000"
"landings.n","2",1994,45148,"1000"
"landings.n","3",1994,101617,"1000"
"landings.n","4",1994,80236,"1000"
"landings.n","5",1994,38542,"1000"
"landings.n","6",1994,20388,"1000"
"landings.n","7",1994,15323,"1000"
"landings.n","8",1994,6399,"1000"
"landings.n","9",1994,5368,"1000"
"landings.n","10",1994,5433,"1000"
"landings.n","1",1995,7751,"1000"
"landings.n","2",1995,36575,"1000"
"landings.n","3",1995,81398,"1000"
"landings.n","4",1995,78370,"1000"
"landings.n","5",1995,36499,"1000"
"landings.n","6",1995,17953,"1000"
"landings.n","7",1995,9772,"1000"
"landings.n","8",1995,4366,"1000"
"landings.n","9",1995,2336,"1000"
"landings.n","10",1995,3753,"1000"
"landings.n","1",1996,1104,"1000"
"landings.n","2",1996,42496,"1000"
"landings.n","3",1996,64382,"1000"
"landings.n","4",1996,46359,"1000"
"landings.n","5",1996,32130,"1000"
"landings.n","6",1996,14460,"1000"
"landings.n","7",1996,10605,"1000"
"landings.n","8",1996,4528,"1000"
"landings.n","9",1996,2624,"1000"
"landings.n","10",1996,4892,"1000"
"landings.n","1",1997,892,"1000"
"landings.n","2",1997,42855,"1000"
"landings.n","3",1997,86948,"1000"
"landings.n","4",1997,43669,"1000"
"landings.n","5",1997,22541,"1000"
"landings.n","6",1997,13518,"1000"
"landings.n","7",1997,6362,"1000"
"landings.n","8",1997,3632,"1000"
"landings.n","9",1997,2179,"1000"
"landings.n","10",1997,4181,"1000"
"landings.n","1",1998,196,"1000"
"landings.n","2",1998,30401,"1000"
"landings.n","3",1998,68920,"1000"
"landings.n","4",1998,56329,"1000"
"landings.n","5",1998,16713,"1000"
"landings.n","6",1998,6432,"1000"
"landings.n","7",1998,4986,"1000"
"landings.n","8",1998,2506,"1000"
"landings.n","9",1998,1761,"1000"
"landings.n","10",1998,3119,"1000"
"landings.n","1",1999,549,"1000"
"landings.n","2",1999,8689,"1000"
"landings.n","3",1999,155971,"1000"
"landings.n","4",1999,39857,"1000"
"landings.n","5",1999,24112,"1000"
"landings.n","6",1999,6829,"1000"
"landings.n","7",1999,2783,"1000"
"landings.n","8",1999,2246,"1000"
"landings.n","9",1999,1521,"1000"
"landings.n","10",1999,3093,"1000"
"landings.n","1",2000,2634,"1000"
"landings.n","2",2000,15819,"1000"
"landings.n","3",2000,39550,"1000"
"landings.n","4",2000,164330,"1000"
"landings.n","5",2000,14993,"1000"
"landings.n","6",2000,9343,"1000"
"landings.n","7",2000,2130,"1000"
"landings.n","8",2000,1030,"1000"
"landings.n","9",2000,940,"1000"
"landings.n","10",2000,2097,"1000"
"landings.n","1",2001,4509,"1000"
"landings.n","2",2001,35886,"1000"
"landings.n","3",2001,52480,"1000"
"landings.n","4",2001,48238,"1000"
"landings.n","5",2001,89949,"1000"
"landings.n","6",2001,6836,"1000"
"landings.n","7",2001,4418,"1000"
"landings.n","8",2001,1127,"1000"
"landings.n","9",2001,637,"1000"
"landings.n","10",2001,2309,"1000"
"landings.n","1",2002,1233,"1000"
"landings.n","2",2002,15596,"1000"
"landings.n","3",2002,58262,"1000"
"landings.n","4",2002,48361,"1000"
"landings.n","5",2002,36551,"1000"
"landings.n","6",2002,37877,"1000"
"landings.n","7",2002,4644,"1000"
"landings.n","8",2002,1788,"1000"
"landings.n","9",2002,742,"1000"
"landings.n","10",2002,1586,"1000"
"landings.n","1",2003,694,"1000"
"landings.n","2",2003,42594,"1000"
"landings.n","3",2003,47802,"1000"
"landings.n","4",2003,48894,"1000"
"landings.n","5",2003,27126,"1000"
"landings.n","6",2003,15999,"1000"
"landings.n","7",2003,17069,"1000"
"landings.n","8",2003,1608,"1000"
"landings.n","9",2003,650,"1000"
"landings.n","10",2003,859,"1000"
"landings.n","1",2004,543,"1000"
"landings.n","2",2004,10317,"1000"
"landings.n","3",2004,102332,"1000"
"landings.n","4",2004,35165,"1000"
"landings.n","5",2004,20527,"1000"
"landings.n","6",2004,11293,"1000"
"landings.n","7",2004,4787,"1000"
"landings.n","8",2004,4555,"1000"
"landings.n","9",2004,412,"1000"
"landings.n","10",2004,540,"1000"
"landings.n","1",2005,2937,"1000"
"landings.n","2",2005,16685,"1000"
"landings.n","3",2005,26069,"1000"
"landings.n","4",2005,82278,"1000"
"landings.n","5",2005,17039,"1000"
"landings.n","6",2005,9533,"1000"
"landings.n","7",2005,5332,"1000"
"landings.n","8",2005,2614,"1000"
"landings.n","9",2005,2223,"1000"
"landings.n","10",2005,613,"1000"
"landings.n","1",2006,355,"1000"
"landings.n","2",2006,18987,"1000"
"landings.n","3",2006,67465,"1000"
"landings.n","4",2006,25254,"1000"
"landings.n","5",2006,42525,"1000"
"landings.n","6",2006,6555,"1000"
"landings.n","7",2006,4967,"1000"
"landings.n","8",2006,2053,"1000"
"landings.n","9",2006,1235,"1000"
"landings.n","10",2006,1319,"1000"
"landings.n","1",2007,1286,"1000"
"landings.n","2",2007,19205,"1000"
"landings.n","3",2007,37309,"1000"
"landings.n","4",2007,47053,"1000"
"landings.n","5",2007,14971,"1000"
"landings.n","6",2007,17142,"1000"
"landings.n","7",2007,2459,"1000"
"landings.n","8",2007,1856,"1000"
"landings.n","9",2007,543,"1000"
"landings.n","10",2007,1259,"1000"
"landings.n","1",2008,380,"1000"
"landings.n","2",2008,10970,"1000"
"landings.n","3",2008,42865,"1000"
"landings.n","4",2008,37970,"1000"
"landings.n","5",2008,29476,"1000"
"landings.n","6",2008,5700,"1000"
"landings.n","7",2008,6752,"1000"
"landings.n","8",2008,912,"1000"
"landings.n","9",2008,673,"1000"
"landings.n","10",2008,896,"1000"
"landings.wt","1",1957,0,"kg"
"landings.wt","2",1957,0.183231098281968,"kg"
"landings.wt","3",1957,0.22320879245258,"kg"
"landings.wt","4",1957,0.286506808222714,"kg"
"landings.wt","5",1957,0.392003501172938,"kg"
"landings.wt","6",1957,0.506384126161076,"kg"
"landings.wt","7",1957,0.591891972025995,"kg"
"landings.wt","8",1957,0.65407949629139,"kg"
"landings.wt","9",1957,0.439754635876724,"kg"
"landings.wt","10",1957,1.10829455391534,"kg"
"landings.wt","1",1958,0,"kg"
"landings.wt","2",1958,0.210547007489143,"kg"
"landings.wt","3",1958,0.235004488157074,"kg"
"landings.wt","4",1958,0.275412499695394,"kg"
"landings.wt","5",1958,0.358355260221421,"kg"
"landings.wt","6",1958,0.481706032285767,"kg"
"landings.wt","7",1958,0.545508155767326,"kg"
"landings.wt","8",1958,0.653971765685975,"kg"
"landings.wt","9",1958,0.707140201920607,"kg"
"landings.wt","10",1958,1.05490472049845,"kg"
"landings.wt","1",1959,0,"kg"
"landings.wt","2",1959,0.222733430881799,"kg"
"landings.wt","3",1959,0.251341394481297,"kg"
"landings.wt","4",1959,0.299361904809024,"kg"
"landings.wt","5",1959,0.369860100822071,"kg"
"landings.wt","6",1959,0.483270242234363,"kg"
"landings.wt","7",1959,0.604854087532226,"kg"
"landings.wt","8",1959,0.636527190088812,"kg"
"landings.wt","9",1959,0.766284739272246,"kg"
"landings.wt","10",1959,1.02131257271473,"kg"
"landings.wt","1",1960,0,"kg"
"landings.wt","2",1960,0.201330912299656,"kg"
"landings.wt","3",1960,0.237570476513594,"kg"
"landings.wt","4",1960,0.290923168273002,"kg"
"landings.wt","5",1960,0.388568660738336,"kg"
"landings.wt","6",1960,0.488227462326665,"kg"
"landings.wt","7",1960,0.604999391460465,"kg"
"landings.wt","8",1960,0.687545065503324,"kg"
"landings.wt","9",1960,0.728817902524754,"kg"
"landings.wt","10",1960,1.10100798197819,"kg"
"landings.wt","1",1961,0,"kg"
"landings.wt","2",1961,0.193971050226957,"kg"
"landings.wt","3",1961,0.236624370172152,"kg"
"landings.wt","4",1961,0.306697681510686,"kg"
"landings.wt","5",1961,0.418408757557624,"kg"
"landings.wt","6",1961,0.516917615526288,"kg"
"landings.wt","7",1961,0.613395363021371,"kg"
"landings.wt","8",1961,0.681437563886325,"kg"
"landings.wt","9",1961,0.824630852273764,"kg"
"landings.wt","10",1961,1.08787122106448,"kg"
"landings.wt","1",1962,0,"kg"
"landings.wt","2",1962,0.203939756342681,"kg"
"landings.wt","3",1962,0.239701704137369,"kg"
"landings.wt","4",1962,0.28996173887585,"kg"
"landings.wt","5",1962,0.386615651834466,"kg"
"landings.wt","6",1962,0.522897669106116,"kg"
"landings.wt","7",1962,0.550927303864114,"kg"
"landings.wt","8",1962,0.668845077673627,"kg"
"landings.wt","9",1962,0.751000903688451,"kg"
"landings.wt","10",1962,1.08964198074174,"kg"
"landings.wt","1",1963,0,"kg"
"landings.wt","2",1963,0.257880965060267,"kg"
"landings.wt","3",1963,0.291517612676823,"kg"
"landings.wt","4",1963,0.32515426029338,"kg"
"landings.wt","5",1963,0.406697648454729,"kg"
"landings.wt","6",1963,0.543282823624989,"kg"
"landings.wt","7",1963,0.636038427658523,"kg"
"landings.wt","8",1963,0.679867998795249,"kg"
"landings.wt","9",1963,0.728794031692058,"kg"
"landings.wt","10",1963,1.0479793007367,"kg"
"landings.wt","1",1964,0,"kg"
"landings.wt","2",1964,0.251872889345518,"kg"
"landings.wt","3",1964,0.275045195165306,"kg"
"landings.wt","4",1964,0.314337365903206,"kg"
"landings.wt","5",1964,0.390906724264244,"kg"
"landings.wt","6",1964,0.490648388445069,"kg"
"landings.wt","7",1964,0.632704698035941,"kg"
"landings.wt","8",1964,0.70524409016745,"kg"
"landings.wt","9",1964,0.742521277790587,"kg"
"landings.wt","10",1964,1.01246338442676,"kg"
"landings.wt","1",1965,0,"kg"
"landings.wt","2",1965,0.243375379173321,"kg"
"landings.wt","3",1965,0.28360271457387,"kg"
"landings.wt","4",1965,0.322824366589405,"kg"
"landings.wt","5",1965,0.387188103230284,"kg"
"landings.wt","6",1965,0.473676874341464,"kg"
"landings.wt","7",1965,0.542063344522397,"kg"
"landings.wt","8",1965,0.666768084264099,"kg"
"landings.wt","9",1965,0.730126137519964,"kg"
"landings.wt","10",1965,0.891599249662494,"kg"
"landings.wt","1",1966,0,"kg"
"landings.wt","2",1966,0.236227510680613,"kg"
"landings.wt","3",1966,0.274919947774851,"kg"
"landings.wt","4",1966,0.354341266020919,"kg"
"landings.wt","5",1966,0.443944804554944,"kg"
"landings.wt","6",1966,0.49281946193714,"kg"
"landings.wt","7",1966,0.569186114096821,"kg"
"landings.wt","8",1966,0.635370545968544,"kg"
"landings.wt","9",1966,0.702573199869063,"kg"
"landings.wt","10",1966,0.950223650204179,"kg"
"landings.wt","1",1967,0,"kg"
"landings.wt","2",1967,0.236599211764812,"kg"
"landings.wt","3",1967,0.284530948630959,"kg"
"landings.wt","4",1967,0.328383388742541,"kg"
"landings.wt","5",1967,0.433425280172608,"kg"
"landings.wt","6",1967,0.557843831186863,"kg"
"landings.wt","7",1967,0.608835040618934,"kg"
"landings.wt","8",1967,0.675123612880627,"kg"
"landings.wt","9",1967,0.752630251217376,"kg"
"landings.wt","10",1967,0.997522116601665,"kg"
"landings.wt","1",1968,0,"kg"
"landings.wt","2",1968,0.274779126308103,"kg"
"landings.wt","3",1968,0.306682320748369,"kg"
"landings.wt","4",1968,0.340643785797686,"kg"
"landings.wt","5",1968,0.376663521456051,"kg"
"landings.wt","6",1968,0.532062952439285,"kg"
"landings.wt","7",1968,0.60718982966959,"kg"
"landings.wt","8",1968,0.613364641496739,"kg"
"landings.wt","9",1968,0.705986818903965,"kg"
"landings.wt","10",1968,0.937469418277017,"kg"
"landings.wt","1",1969,0.229626048220391,"kg"
"landings.wt","2",1969,0.311106258879239,"kg"
"landings.wt","3",1969,0.328037211743416,"kg"
"landings.wt","4",1969,0.352375456485669,"kg"
"landings.wt","5",1969,0.379888254889955,"kg"
"landings.wt","6",1969,0.435972036252539,"kg"
"landings.wt","7",1969,0.606339749448313,"kg"
"landings.wt","8",1969,0.693110882877217,"kg"
"landings.wt","9",1969,0.69628543653925,"kg"
"landings.wt","10",1969,0.945344282611507,"kg"
"landings.wt","1",1970,0.306929661071489,"kg"
"landings.wt","2",1970,0.278672644655384,"kg"
"landings.wt","3",1970,0.309852800700741,"kg"
"landings.wt","4",1970,0.346879236004603,"kg"
"landings.wt","5",1970,0.408265168218901,"kg"
"landings.wt","6",1970,0.43165028525292,"kg"
"landings.wt","7",1970,0.486215558332295,"kg"
"landings.wt","8",1970,0.65478327695251,"kg"
"landings.wt","9",1970,0.724938628054565,"kg"
"landings.wt","10",1970,0.868760577741907,"kg"
"landings.wt","1",1971,0.26446702037415,"kg"
"landings.wt","2",1971,0.328517626871015,"kg"
"landings.wt","3",1971,0.367774450207803,"kg"
"landings.wt","4",1971,0.416328942229619,"kg"
"landings.wt","5",1971,0.462817285654763,"kg"
"landings.wt","6",1971,0.531000189344973,"kg"
"landings.wt","7",1971,0.559926269698396,"kg"
"landings.wt","8",1971,0.62707609909027,"kg"
"landings.wt","9",1971,0.72211893453723,"kg"
"landings.wt","10",1971,0.920022674682033,"kg"
"landings.wt","1",1972,0.252964049226478,"kg"
"landings.wt","2",1972,0.304379506386331,"kg"
"landings.wt","3",1972,0.361964818405367,"kg"
"landings.wt","4",1972,0.440116313288344,"kg"
"landings.wt","5",1972,0.506956407596153,"kg"
"landings.wt","6",1972,0.556315246469612,"kg"
"landings.wt","7",1972,0.625211959063815,"kg"
"landings.wt","8",1972,0.664287706505304,"kg"
"landings.wt","9",1972,0.693080362514821,"kg"
"landings.wt","10",1972,0.965362904960533,"kg"
"landings.wt","1",1973,0.285807970334939,"kg"
"landings.wt","2",1973,0.332041612595003,"kg"
"landings.wt","3",1973,0.361463021305952,"kg"
"landings.wt","4",1973,0.42555966171195,"kg"
"landings.wt","5",1973,0.510671594054339,"kg"
"landings.wt","6",1973,0.56636211768578,"kg"
"landings.wt","7",1973,0.635712581075875,"kg"
"landings.wt","8",1973,0.658829402205907,"kg"
"landings.wt","9",1973,0.711367632046889,"kg"
"landings.wt","10",1973,0.884395142464229,"kg"
"landings.wt","1",1974,0.295527591415992,"kg"
"landings.wt","2",1974,0.322488003264469,"kg"
"landings.wt","3",1974,0.36707637670618,"kg"
"landings.wt","4",1974,0.419960261485884,"kg"
"landings.wt","5",1974,0.49358292461057,"kg"
"landings.wt","6",1974,0.574464160155999,"kg"
"landings.wt","7",1974,0.631495800604699,"kg"
"landings.wt","8",1974,0.718598669653623,"kg"
"landings.wt","9",1974,0.733115814495111,"kg"
"landings.wt","10",1974,0.959746551801776,"kg"
"landings.wt","1",1975,0.264537769809577,"kg"
"landings.wt","2",1975,0.318720204589852,"kg"
"landings.wt","3",1975,0.350592225048837,"kg"
"landings.wt","4",1975,0.446208286425792,"kg"
"landings.wt","5",1975,0.525888337573255,"kg"
"landings.wt","6",1975,0.623629200314143,"kg"
"landings.wt","7",1975,0.675686833730486,"kg"
"landings.wt","8",1975,0.746867679422219,"kg"
"landings.wt","9",1975,0.831859733979513,"kg"
"landings.wt","10",1975,1.08231221226981,"kg"
"landings.wt","1",1976,0.271725361667908,"kg"
"landings.wt","2",1976,0.302486723366162,"kg"
"landings.wt","3",1976,0.346578008466992,"kg"
"landings.wt","4",1976,0.384517021228172,"kg"
"landings.wt","5",1976,0.526019285040139,"kg"
"landings.wt","6",1976,0.609074961625425,"kg"
"landings.wt","7",1976,0.657267761619356,"kg"
"landings.wt","8",1976,0.722891999908963,"kg"
"landings.wt","9",1976,0.759805633946868,"kg"
"landings.wt","10",1976,1.00504588471538,"kg"
"landings.wt","1",1977,0.254410530157769,"kg"
"landings.wt","2",1977,0.323522052129761,"kg"
"landings.wt","3",1977,0.353570539943671,"kg"
"landings.wt","4",1977,0.38061417897619,"kg"
"landings.wt","5",1977,0.418675596873809,"kg"
"landings.wt","6",1977,0.556898640817794,"kg"
"landings.wt","7",1977,0.648045720519987,"kg"
"landings.wt","8",1977,0.722165323794297,"kg"
"landings.wt","9",1977,0.716155626231515,"kg"
"landings.wt","10",1977,0.979675186608751,"kg"
"landings.wt","1",1978,0.235278595814272,"kg"
"landings.wt","2",1978,0.303740810170064,"kg"
"landings.wt","3",1978,0.355810663342075,"kg"
"landings.wt","4",1978,0.382809846468303,"kg"
"landings.wt","5",1978,0.422344364617422,"kg"
"landings.wt","6",1978,0.473449961249211,"kg"
"landings.wt","7",1978,0.587232232995457,"kg"
"landings.wt","8",1978,0.662444243132806,"kg"
"landings.wt","9",1978,0.748263075212602,"kg"
"landings.wt","10",1978,0.915809492353784,"kg"
"landings.wt","1",1979,0.234598029325577,"kg"
"landings.wt","2",1979,0.310468030298955,"kg"
"landings.wt","3",1979,0.348403030785644,"kg"
"landings.wt","4",1979,0.387336320758825,"kg"
"landings.wt","5",1979,0.428266189704989,"kg"
"landings.wt","6",1979,0.473189216597121,"kg"
"landings.wt","7",1979,0.549059217570499,"kg"
"landings.wt","8",1979,0.673845403381977,"kg"
"landings.wt","9",1979,0.794638431247486,"kg"
"landings.wt","10",1979,0.958620269719109,"kg"
"landings.wt","1",1980,0.241227579544219,"kg"
"landings.wt","2",1980,0.289878519956498,"kg"
"landings.wt","3",1980,0.348665072954669,"kg"
"landings.wt","4",1980,0.406438064694251,"kg"
"landings.wt","5",1980,0.47941447531267,"kg"
"landings.wt","6",1980,0.55239088593109,"kg"
"landings.wt","7",1980,0.595974020050423,"kg"
"landings.wt","8",1980,0.670977553186021,"kg"
"landings.wt","9",1980,0.782469291630828,"kg"
"landings.wt","10",1980,1.02670814904486,"kg"
"landings.wt","1",1981,0.241150879860375,"kg"
"landings.wt","2",1981,0.278798907517902,"kg"
"landings.wt","3",1981,0.334762191873685,"kg"
"landings.wt","4",1981,0.423285932581924,"kg"
"landings.wt","5",1981,0.513844701812191,"kg"
"landings.wt","6",1981,0.567772957645946,"kg"
"landings.wt","7",1981,0.614578613652601,"kg"
"landings.wt","8",1981,0.653244155571142,"kg"
"landings.wt","9",1981,0.737697839235324,"kg"
"landings.wt","10",1981,1.02481423203812,"kg"
"landings.wt","1",1982,0.280743199333914,"kg"
"landings.wt","2",1982,0.263636982887045,"kg"
"landings.wt","3",1982,0.31294313617508,"kg"
"landings.wt","4",1982,0.426649163145446,"kg"
"landings.wt","5",1982,0.517211485511225,"kg"
"landings.wt","6",1982,0.611798799982149,"kg"
"landings.wt","7",1982,0.66814868945419,"kg"
"landings.wt","8",1982,0.716448594715938,"kg"
"landings.wt","9",1982,0.742611043399385,"kg"
"landings.wt","10",1982,0.989911875068969,"kg"
"landings.wt","1",1983,0.198753624709862,"kg"
"landings.wt","2",1983,0.248442030887327,"kg"
"landings.wt","3",1983,0.298130437064793,"kg"
"landings.wt","4",1983,0.380613191319385,"kg"
"landings.wt","5",1983,0.511790583627894,"kg"
"landings.wt","6",1983,0.600235946623783,"kg"
"landings.wt","7",1983,0.672781019642882,"kg"
"landings.wt","8",1983,0.766195223256517,"kg"
"landings.wt","9",1983,0.809921020692687,"kg"
"landings.wt","10",1983,0.977658095374368,"kg"
"landings.wt","1",1984,0.229360762813507,"kg"
"landings.wt","2",1984,0.258892191501942,"kg"
"landings.wt","3",1984,0.278579810627565,"kg"
"landings.wt","4",1984,0.36914285860543,"kg"
"landings.wt","5",1984,0.483331049534043,"kg"
"landings.wt","6",1984,0.603425526200343,"kg"
"landings.wt","7",1984,0.673316574096304,"kg"
"landings.wt","8",1984,0.713676193303831,"kg"
"landings.wt","9",1984,0.82392686040732,"kg"
"landings.wt","10",1984,1.01857128835002,"kg"
"landings.wt","1",1985,0.242036189634196,"kg"
"landings.wt","2",1985,0.25869455086408,"kg"
"landings.wt","3",1985,0.284172044509784,"kg"
"landings.wt","4",1985,0.330227513792405,"kg"
"landings.wt","5",1985,0.452715464012139,"kg"
"landings.wt","6",1985,0.565404378214295,"kg"
"landings.wt","7",1985,0.664374641991841,"kg"
"landings.wt","8",1985,0.714349725681493,"kg"
"landings.wt","9",1985,0.787842495813333,"kg"
"landings.wt","10",1985,1.00080488812093,"kg"
"landings.wt","1",1986,0.218281240984704,"kg"
"landings.wt","2",1986,0.265690741289074,"kg"
"landings.wt","3",1986,0.300260168594343,"kg"
"landings.wt","4",1986,0.342731179283675,"kg"
"landings.wt","5",1986,0.419771617278276,"kg"
"landings.wt","6",1986,0.481996586427762,"kg"
"landings.wt","7",1986,0.666696098030203,"kg"
"landings.wt","8",1986,0.741761140178789,"kg"
"landings.wt","9",1986,0.842506328325575,"kg"
"landings.wt","10",1986,1.00068750078595,"kg"
"landings.wt","1",1987,0.218247721121515,"kg"
"landings.wt","2",1987,0.245899016105236,"kg"
"landings.wt","3",1987,0.296263874825586,"kg"
"landings.wt","4",1987,0.346628733545935,"kg"
"landings.wt","5",1987,0.396993592266285,"kg"
"landings.wt","6",1987,0.497723309706984,"kg"
"landings.wt","7",1987,0.575739463411055,"kg"
"landings.wt","8",1987,0.718933669576755,"kg"
"landings.wt","9",1987,0.818675840768035,"kg"
"landings.wt","10",1987,0.977816449094847,"kg"
"landings.wt","1",1988,0.217634266173424,"kg"
"landings.wt","2",1988,0.250131690534162,"kg"
"landings.wt","3",1988,0.273766180978334,"kg"
"landings.wt","4",1988,0.3466391931812,"kg"
"landings.wt","5",1988,0.446101007133761,"kg"
"landings.wt","6",1988,0.504202462809018,"kg"
"landings.wt","7",1988,0.598740424585709,"kg"
"landings.wt","8",1988,0.688354534186531,"kg"
"landings.wt","9",1988,0.800618363796352,"kg"
"landings.wt","10",1988,0.998984592360016,"kg"
"landings.wt","1",1989,0.232563659590485,"kg"
"landings.wt","2",1989,0.275922985954813,"kg"
"landings.wt","3",1989,0.304500723785847,"kg"
"landings.wt","4",1989,0.327165826203564,"kg"
"landings.wt","5",1989,0.386292180336738,"kg"
"landings.wt","6",1989,0.525239112549697,"kg"
"landings.wt","7",1989,0.5942198590384,"kg"
"landings.wt","8",1989,0.660244287820445,"kg"
"landings.wt","9",1989,0.780467874557899,"kg"
"landings.wt","10",1989,0.928990344547008,"kg"
"landings.wt","1",1990,0.266825193320943,"kg"
"landings.wt","2",1990,0.280609520651177,"kg"
"landings.wt","3",1990,0.293409253172107,"kg"
"landings.wt","4",1990,0.312116554548853,"kg"
"landings.wt","5",1990,0.360361700204669,"kg"
"landings.wt","6",1990,0.440113879758161,"kg"
"landings.wt","7",1990,0.587803101153517,"kg"
"landings.wt","8",1990,0.681339608037243,"kg"
"landings.wt","9",1990,0.749276649879107,"kg"
"landings.wt","10",1990,0.988549477791943,"kg"
"landings.wt","1",1991,0.218694773267181,"kg"
"landings.wt","2",1991,0.275536146054686,"kg"
"landings.wt","3",1991,0.283243450839432,"kg"
"landings.wt","4",1991,0.294804408016552,"kg"
"landings.wt","5",1991,0.351645780804057,"kg"
"landings.wt","6",1991,0.438352959632455,"kg"
"landings.wt","7",1991,0.508682115793266,"kg"
"landings.wt","8",1991,0.646450188820609,"kg"
"landings.wt","9",1991,0.719669584275701,"kg"
"landings.wt","10",1991,0.886881980883207,"kg"
"landings.wt","1",1992,0.246433128970027,"kg"
"landings.wt","2",1992,0.258214792506442,"kg"
"landings.wt","3",1992,0.284723535463377,"kg"
"landings.wt","4",1992,0.312214083715014,"kg"
"landings.wt","5",1992,0.334795605493144,"kg"
"landings.wt","6",1992,0.417267250248053,"kg"
"landings.wt","7",1992,0.521338611486391,"kg"
"landings.wt","8",1992,0.593992203294287,"kg"
"landings.wt","9",1992,0.70199078571143,"kg"
"landings.wt","10",1992,0.874770803135754,"kg"
"landings.wt","1",1993,0.243197543713846,"kg"
"landings.wt","2",1993,0.266638270818795,"kg"
"landings.wt","3",1993,0.282265422222095,"kg"
"landings.wt","4",1993,0.318403209842225,"kg"
"landings.wt","5",1993,0.347704118723411,"kg"
"landings.wt","6",1993,0.413142815224727,"kg"
"landings.wt","7",1993,0.505929026681817,"kg"
"landings.wt","8",1993,0.616295783467619,"kg"
"landings.wt","9",1993,0.704198510111178,"kg"
"landings.wt","10",1993,0.835903347897445,"kg"
"landings.wt","1",1994,0.222988898649839,"kg"
"landings.wt","2",1994,0.256096420720121,"kg"
"landings.wt","3",1994,0.278492685650018,"kg"
"landings.wt","4",1994,0.330101470053692,"kg"
"landings.wt","5",1994,0.386579007702996,"kg"
"landings.wt","6",1994,0.437214041457545,"kg"
"landings.wt","7",1994,0.48882282586122,"kg"
"landings.wt","8",1994,0.594961646615947,"kg"
"landings.wt","9",1994,0.712785475160185,"kg"
"landings.wt","10",1994,0.882795384416,"kg"
"landings.wt","1",1995,0.270223171924419,"kg"
"landings.wt","2",1995,0.275190509643618,"kg"
"landings.wt","3",1995,0.299033730695772,"kg"
"landings.wt","4",1995,0.335792029817844,"kg"
"landings.wt","5",1995,0.39937395262359,"kg"
"landings.wt","6",1995,0.451034264903258,"kg"
"landings.wt","7",1995,0.524550863147402,"kg"
"landings.wt","8",1995,0.607008669286103,"kg"
"landings.wt","9",1995,0.729205177178395,"kg"
"landings.wt","10",1995,0.902194533150739,"kg"
"landings.wt","1",1996,0.236298455705606,"kg"
"landings.wt","2",1996,0.275681531656541,"kg"
"landings.wt","3",1996,0.302265107923422,"kg"
"landings.wt","4",1996,0.349524799064543,"kg"
"landings.wt","5",1996,0.413522297484811,"kg"
"landings.wt","6",1996,0.478504372803853,"kg"
"landings.wt","7",1996,0.491303872487907,"kg"
"landings.wt","8",1996,0.579915793377509,"kg"
"landings.wt","9",1996,0.708895367116819,"kg"
"landings.wt","10",1996,0.844396857128564,"kg"
"landings.wt","1",1997,0.206330661519599,"kg"
"landings.wt","2",1997,0.268825044576017,"kg"
"landings.wt","3",1997,0.310487966613628,"kg"
"landings.wt","4",1997,0.361078657659299,"kg"
"landings.wt","5",1997,0.453332270742581,"kg"
"landings.wt","6",1997,0.519794551135914,"kg"
"landings.wt","7",1997,0.598160523539992,"kg"
"landings.wt","8",1997,0.611056189884967,"kg"
"landings.wt","9",1997,0.6775184702783,"kg"
"landings.wt","10",1997,0.916740637634497,"kg"
"landings.wt","1",1998,0.149592731036508,"kg"
"landings.wt","2",1998,0.255882303088764,"kg"
"landings.wt","3",1998,0.305090438298141,"kg"
"landings.wt","4",1998,0.387760105449896,"kg"
"landings.wt","5",1998,0.489128863981213,"kg"
"landings.wt","6",1998,0.597386761441844,"kg"
"landings.wt","7",1998,0.622974991750721,"kg"
"landings.wt","8",1998,0.683993079410349,"kg"
"landings.wt","9",1998,0.688913892931286,"kg"
"landings.wt","10",1998,0.899650611248766,"kg"
"landings.wt","1",1999,0.241580404250029,"kg"
"landings.wt","2",1999,0.249468743980642,"kg"
"landings.wt","3",1999,0.276091890571461,"kg"
"landings.wt","4",1999,0.35004507554596,"kg"
"landings.wt","5",1999,0.448649322178624,"kg"
"landings.wt","6",1999,0.539365229080676,"kg"
"landings.wt","7",1999,0.621206753785788,"kg"
"landings.wt","8",1999,0.672480962034773,"kg"
"landings.wt","9",1999,0.741503934677639,"kg"
"landings.wt","10",1999,0.801638498007975,"kg"
"landings.wt","1",2000,0.221420203474124,"kg"
"landings.wt","2",2000,0.259294711963119,"kg"
"landings.wt","3",2000,0.275804113099348,"kg"
"landings.wt","4",2000,0.304938350398574,"kg"
"landings.wt","5",2000,0.419533017108867,"kg"
"landings.wt","6",2000,0.485570621653781,"kg"
"landings.wt","7",2000,0.664260610422372,"kg"
"landings.wt","8",2000,0.689510282748369,"kg"
"landings.wt","9",2000,0.729327073723979,"kg"
"landings.wt","10",2000,0.86172692278117,"kg"
"landings.wt","1",2001,0.235653857872721,"kg"
"landings.wt","2",2001,0.264367983411834,"kg"
"landings.wt","3",2001,0.28912153991107,"kg"
"landings.wt","4",2001,0.30595395833055,"kg"
"landings.wt","5",2001,0.361401924888837,"kg"
"landings.wt","6",2001,0.477248569305259,"kg"
"landings.wt","7",2001,0.586164217901895,"kg"
"landings.wt","8",2001,0.701020720058347,"kg"
"landings.wt","9",2001,0.787163096675687,"kg"
"landings.wt","10",2001,0.792664411120532,"kg"
"landings.wt","1",2002,0.232076240316234,"kg"
"landings.wt","2",2002,0.258515305668716,"kg"
"landings.wt","3",2002,0.282995921735829,"kg"
"landings.wt","4",2002,0.309434987088312,"kg"
"landings.wt","5",2002,0.340770175654216,"kg"
"landings.wt","6",2002,0.435754965994616,"kg"
"landings.wt","7",2002,0.500383792411795,"kg"
"landings.wt","8",2002,0.677623452737695,"kg"
"landings.wt","9",2002,0.745189953082927,"kg"
"landings.wt","10",2002,0.88125216757367,"kg"
"landings.wt","1",2003,0.227292078419832,"kg"
"landings.wt","2",2003,0.247865930345765,"kg"
"landings.wt","3",2003,0.281175976321085,"kg"
"landings.wt","4",2003,0.319384558469247,"kg"
"landings.wt","5",2003,0.363471384024817,"kg"
"landings.wt","6",2003,0.405598795111252,"kg"
"landings.wt","7",2003,0.477117423234733,"kg"
"landings.wt","8",2003,0.64072853140763,"kg"
"landings.wt","9",2003,0.750455741679273,"kg"
"landings.wt","10",2003,0.837241379164722,"kg"
"landings.wt","1",2004,0.211917676681613,"kg"
"landings.wt","2",2004,0.244596570749338,"kg"
"landings.wt","3",2004,0.280246273368675,"kg"
"landings.wt","4",2004,0.324808401642845,"kg"
"landings.wt","5",2004,0.394127267847111,"kg"
"landings.wt","6",2004,0.432747779018059,"kg"
"landings.wt","7",2004,0.505037453773937,"kg"
"landings.wt","8",2004,0.551580121082515,"kg"
"landings.wt","9",2004,0.789244805211426,"kg"
"landings.wt","10",2004,0.860879801786485,"kg"
"landings.wt","1",2005,0.267391955395531,"kg"
"landings.wt","2",2005,0.261515209123102,"kg"
"landings.wt","3",2005,0.277186532516246,"kg"
"landings.wt","4",2005,0.327138875831895,"kg"
"landings.wt","5",2005,0.384926880844116,"kg"
"landings.wt","6",2005,0.427043562463192,"kg"
"landings.wt","7",2005,0.463283497809839,"kg"
"landings.wt","8",2005,0.544578487911777,"kg"
"landings.wt","9",2005,0.60334595063607,"kg"
"landings.wt","10",2005,0.88778334628018,"kg"
"landings.wt","1",2006,0.256674054107499,"kg"
"landings.wt","2",2006,0.27189188340241,"kg"
"landings.wt","3",2006,0.289138756603309,"kg"
"landings.wt","4",2006,0.337835810347024,"kg"
"landings.wt","5",2006,0.398707127526668,"kg"
"landings.wt","6",2006,0.408852347056609,"kg"
"landings.wt","7",2006,0.474796274001223,"kg"
"landings.wt","8",2006,0.48899958134314,"kg"
"landings.wt","9",2006,0.532624025321885,"kg"
"landings.wt","10",2006,0.755079692283971,"kg"
"landings.wt","1",2007,0.261582858311481,"kg"
"landings.wt","2",2007,0.26651838394,"kg"
"landings.wt","3",2007,0.303041273591037,"kg"
"landings.wt","4",2007,0.345486793996296,"kg"
"landings.wt","5",2007,0.378061263144518,"kg"
"landings.wt","6",2007,0.452094147572296,"kg"
"landings.wt","7",2007,0.538959398634221,"kg"
"landings.wt","8",2007,0.480720196217703,"kg"
"landings.wt","9",2007,0.590288865170814,"kg"
"landings.wt","10",2007,0.618716551944257,"kg"
"landings.wt","1",2008,0.247213797610915,"kg"
"landings.wt","2",2008,0.265084674546644,"kg"
"landings.wt","3",2008,0.305790560900248,"kg"
"landings.wt","4",2008,0.342525141268135,"kg"
"landings.wt","5",2008,0.403087557550327,"kg"
"landings.wt","6",2008,0.452728882371796,"kg"
"landings.wt","7",2008,0.538111961064723,"kg"
"landings.wt","8",2008,0.725756168889875,"kg"
"landings.wt","9",2008,0.640373090196948,"kg"
"landings.wt","10",2008,0.63675414897224,"kg"
